847
817606179 996027020
422101113 428647780
959896062 442501001
969022528 527896383
100452796 623967323
231606289 97428570
5264869 733699131
240165675 273303712
584392240 625617821
44406536 334981766
704405908 282589356
993983433 686270843
825803620 62460096
862009425 181482407
489131062 130469631
242589409 886861737
332718446 923896006
126834934 50573343
939943529 196058993
570907430 324137786
77417935 783902185
106107618 81944639
621643042 997860506
266515894 644133475
202489540 357370391
811691656 821671609
933068782 785067240
464807040 79319688
461842814 729149128
631090198 909091554
801861495 771968593
417629196 702061798
57222488 874700971
56260377 725893080
593811568 807741050
718000065 830622480
902647837 194022666
121786985 563669833
377577873 674804817
971912090 893455972
546147754 440657039
866263630 296065976
908143863 386138847
269253519 987595508
824422175 320655753
466497982 385611420
29260075 855452502
570378067 233170416
366732622 764110583
721971868 728942252
336147460 619312669
571465904 523764152
304595531 752193154
230623227 517802132
96072706 886560996
243792316 922024908
93061122 852368809
322534149 669910502
449252326 185107084
399774611 917311967
516946008 117180189
981150462 791124637
465552398 828232614
971795336 359926002
541889824 159806341
209350390 280328621
786947226 59007345
728732067 855227404
382465179 928048399
495454517 414069126
939353676 708202140
835272955 107925147
660389971 826464779
804328536 823745206
278889543 963109790
707544431 374758791
453626562 985563557
303458509 230527342
980311098 900320527
452827915 866790211
353449484 478739472
701054506 452909080
218000810 605053716
889140596 317705824
978210041 336529925
220603647 562571667
313556599 620634955
566585436 428358311
141576304 263316850
135886598 362752716
679579007 539421805
708168803 939798911
743422425 609603657
351137510 994870643
602490941 245688369
843748942 997071049
496056622 238184507
184811044 218932697
581253245 180292525
580911233 667948004
928662280 638628185
993655687 542655992
587142883 89314870
996000814 41884039
809565577 587733138
966922270 602688279
779512363 108394253
698438325 302583255
367026570 525117820
142064632 712328844
184312740 916628929
770982304 299757175
385436910 994842051
422889911 176323371
888866737 513924381
404761052 199204634
44630811 924529451
603929869 302266088
598210467 504090199
607526224 554401313
431696325 18132419
154894885 276891306
619353412 577092229
444344586 629645276
847158498 748706108
99218792 408122710
426516903 80043927
312394692 40561433
197510287 115863431
601164520 652684527
350695697 619844049
860803356 808695350
51993416 42370014
932172769 367492463
258566739 799862616
256432709 776751980
397041199 280962666
117797464 91098591
112940961 562952373
421312543 942289748
458778650 311193605
986631748 122625574
736427106 655939226
396954842 185731643
437670854 982243798
295034295 756432996
451169785 742756991
391355291 26721391
757045832 595274600
80459294 693979677
285058744 90075060
987592727 335433677
605570137 745959820
42390528 811559807
745449561 376032749
612092949 416268347
476771641 627575425
754711276 921886603
546974125 513170550
544329781 203499037
698368877 395342989
392996156 146749010
338006441 264269803
93409899 908374159
219839177 455447153
249505827 142889960
81043792 539263058
767993848 200517558
966342369 851791711
399169292 972554949
756689920 317112306
177107521 734029032
154184174 415895482
653691647 219407158
420147518 62210177
778519673 124133479
531438452 168937586
759466920 837857579
849676731 722977232
674584133 579341421
51619093 967622790
675638375 360131195
672017779 86729030
792763833 936114301
533462503 667891909
735616741 419462706
765482052 856496784
74792491 164012782
402318833 458631126
712840350 598486005
561394273 187845363
306549803 498607440
206935764 3270014
983010272 505600085
805250341 67949703
660740770 472233387
590555347 945064076
348181354 576617115
27607198 632507096
151414625 280388575
836430116 255407265
80046048 392269572
389032979 374694737
882701790 257975171
303177130 829073735
957920149 538032215
189654621 850944599
773307350 936610594
98529630 865643110
790402256 875745057
460221581 108583018
915514000 945062357
177759118 107378058
70609148 903400743
673891689 498751034
599381595 607135626
741235085 897733726
372304198 240229275
268911580 824351519
948168775 566896801
416656612 912471412
912493446 849159919
921457250 41523459
780857857 559315169
521363464 514965802
658410249 176286284
692785659 782872585
193762681 705932826
354714385 950941695
904541506 900328694
302413564 807248996
540974398 895743681
123069581 75203097
536991170 10051372
973403796 347860283
99374331 386593110
497879015 742334348
54707515 499882230
685720153 584560411
15025203 668704551
116280573 312480060
909938728 581151595
462219883 289203669
865567125 137591619
98372941 66480330
915782110 948582041
338145851 666676068
377607501 818543273
692729762 32019623
707601238 369830271
611127122 89180000
484089353 957442382
62509152 437030
151498046 846360616
2959477 174966016
681773992 419323232
158813996 291827998
958679136 102500326
181925896 86008599
2727512 207101014
493852806 328099183
22411757 987822971
331961982 85687261
66361436 605770655
477681995 227537122
317802971 561338149
787671360 132259701
949972202 363736676
129487379 286485389
362924504 188670084
682972216 800036933
684094858 878939
504017404 901642325
399323037 371497526
589945068 978551934
115620274 899052519
957569436 521852686
570428694 228602555
114974946 920785136
456852790 309965099
996337470 960602984
172297015 913586262
256736722 766296792
454052138 410008218
165033561 628698042
775142282 425619565
706632681 805461912
931501548 773875285
884160862 678745415
764886608 679719872
453280260 642254327
247147502 760945427
422711887 927137625
348882921 337265648
647927634 470172979
371526222 946479736
826644485 303392590
286203731 752784312
592167918 995696875
825469562 857677094
723385378 213010642
751679342 878593233
574811047 149992445
176328532 78993099
864094560 842846095
214963271 261768839
63538148 524859442
635391852 214785037
505467459 967354971
217917929 2762917
868187080 714447893
79523218 122346589
136375431 344405709
924939703 686751107
789367962 910567504
882757197 831588368
136698855 320443675
8537232 455699640
688691062 297616293
547850572 509091180
121958207 57319799
66223808 954409445
797069295 17661613
576332296 445081006
762177239 352640357
951998751 115560632
378152036 750857885
617422244 24751248
691666190 778415296
813544582 127508562
871984572 153061465
98934411 695315239
733473835 637828386
80007514 49869396
625673425 877655887
436370014 283441509
644454213 394651911
199098008 719700372
987905366 637352914
65394869 849056724
884228066 656252432
471570982 582128659
535746362 16747311
337471512 909253759
231414873 178655615
938229811 418933535
530773747 588723772
668361626 713519841
25141199 561090383
853734945 13377449
388917683 769208907
343217905 98581940
280798263 80733359
778918317 342756394
855243361 63146846
807206044 172618861
70610097 635484762
852415264 882422183
485355163 362621695
413742853 34447775
840417904 583809495
672129257 486081881
14879316 243704920
864852518 247205299
712097164 861934000
556572780 392395848
966922972 405079245
587805261 212076434
208217099 532449963
201310567 228031835
720315999 387384175
888594218 361264475
835185770 797438211
333647926 889856909
869270143 191484512
210511139 144747428
105583145 629817001
100695108 517631380
403755730 882006358
81393705 125238149
73279316 150361294
136109462 222060579
944990852 377857283
638988585 304180939
170242667 199400624
661304729 783145888
478527303 401416785
13971082 748153687
335298770 375546644
199614951 226687637
393771905 285983618
161536084 655680362
164381055 484233009
291195120 984621996
804113344 958075874
212383151 373416039
549430230 609223301
485943815 680175033
224291567 919912502
50185290 617602641
269915777 821932768
119506178 683234228
991632694 891739929
289681339 276485934
329689019 713212933
487331270 360780537
553658184 318627335
619093894 646935718
118188140 481803857
936043171 414092305
184618753 624789056
440668039 399911336
984008585 26693857
142587153 912311060
586771817 45674725
414694461 664418097
27211421 862297650
921465355 872390319
825219831 148044454
66040982 618845803
364662962 109546366
996476050 716311788
746991650 427410943
758249382 959630182
102133941 354879678
788763286 332593797
530012422 996721695
546085587 733376684
611673024 376753933
591714893 628655338
530236234 5374627
189608375 104765453
679571115 110420763
885307418 244013409
280995978 701363034
79053382 84999738
652457009 88874651
553684306 467647552
464096367 894917356
643223154 259012913
868445908 359545831
192526399 91611529
45813879 66092528
225703052 120214962
310304257 649032373
252476661 962386736
335103138 767785010
877813343 762206920
68579196 228467805
449755152 596403410
606336778 760841069
978675022 407602954
209909094 441884792
739519493 246106889
149475733 724601137
574298816 517605558
400274154 533473967
34667935 214672863
573947294 655444644
207947314 422766697
315510369 365231432
584610867 229400775
921631906 791720239
939258718 235785537
760906370 776977439
812993223 78938191
354128153 970019834
549713944 704814584
351810160 808491352
143349708 980651196
467125625 278705380
280065491 919914471
225849755 943424486
399559146 811649730
157455834 68251864
368003047 122866793
575514553 999696038
594051850 985005105
339971425 619637616
944109481 577076413
899175587 987256935
147982693 832027999
789637694 955259500
647135062 38164078
988223476 675279609
354975659 775248972
813902565 681517568
332469002 81245573
639728655 480246726
412099705 987186225
904472168 237762096
138949075 576045643
977757734 668907832
693634475 740344780
887299063 903687036
673985116 34782855
860215876 986478284
848433799 229156260
376642240 540869681
890329048 602696332
46534162 84773884
688936124 103229607
119816853 379099543
114125632 935579059
571259164 644206493
22127309 978586425
705535780 464166782
317011659 780985256
579018423 704377493
281005763 227365263
615829649 689187101
339318996 220453228
409159075 471592717
348009483 873169396
852862093 991850087
545184777 55112532
586182944 675301037
317835560 909695648
680226914 961163722
888453019 448011138
343013113 958056052
521552579 554748723
815805243 866835834
334937767 253591070
215961156 757154809
147089605 916568337
155879827 937814922
215431713 410113340
886175858 798584074
570004032 336640828
496248743 366890901
265851985 68875616
540737576 403536753
625228039 76940266
755572136 519287670
221782255 674307908
861475000 67331014
663558197 617897058
86381678 204810083
402335799 867036373
321840839 781629256
647095786 940036715
588813279 638440291
457376348 767772790
880535630 978735191
799765134 500493323
702341541 49699154
857552640 66298667
8197554 636079229
551709413 280287954
744406500 285926837
629384890 881330622
152930199 631185415
656989320 185757941
667676314 597449593
541375622 133357267
822392258 924275697
27170753 275990567
923185299 354955968
504386795 120695955
583505572 434252179
671136677 716616656
426888051 989853990
147081583 745199779
53928543 762583342
696620452 649888691
374292157 135845632
417397455 284702498
157434975 492121206
213066951 137327903
37999926 373552995
34772236 928289360
909054241 718771374
440758093 987512651
817256205 642631226
821948964 255322787
463733970 266986734
601400398 940557886
957686064 672112979
121633958 917058281
733564237 625699550
240990120 730362311
904900691 461377150
287027189 81493980
324386653 684007316
953512103 208811184
339005287 674817473
264187995 889382298
504523567 439402940
118414953 7750055
317725838 441960169
529953691 309495475
973413801 154576849
994016392 639925815
947689842 942209593
951293886 372678020
745259274 570809874
876370034 153522433
144173065 195711029
597389470 712335035
422211899 650854399
528423370 760002745
405211896 880532211
526841029 234570637
941115962 36513632
698095198 81461192
747623484 923401101
36970923 153739902
565615022 639782693
608035562 496075409
165697153 27802479
804028528 942328294
430774444 348883202
700919854 193347072
436111324 909186914
405751373 38810319
612013990 691796760
103852166 981613121
544984022 735298310
419245344 904039007
79954282 165209416
597455628 899819714
417978393 127395116
27875371 91093443
917355170 711538702
656325234 657167314
879696840 584872986
637998298 715287585
793848086 909146825
779975470 647495482
962305447 82771456
65815086 905097913
491885837 919634097
710307219 255402776
901964346 272482214
667221386 463062468
754387836 512106935
784979846 890045448
710106105 317211440
944565263 254179051
821461955 37107951
975393627 630570768
356165061 392804525
128307691 824999996
704658527 878581989
337950161 665291590
626679903 772367812
438611661 523444749
370439961 923196166
122302808 381010408
136069663 503167923
967997618 506527897
901034065 142261971
316592417 624005027
355489966 249764705
289125392 610472534
743806168 193199967
774628810 852125113
320641758 529129094
379870553 600204311
753397876 506318655
659435458 961045595
549233658 609696030
788276327 746169517
280496640 729623574
792431985 976629821
825774233 949041724
971808714 942668340
599390297 763533052
991494732 763702025
353440603 715107102
564291270 189788889
437973988 418299922
719787461 641287999
663693124 849922370
778096734 951018162
510286750 913999294
373804773 715413702
196984131 456638839
813110151 161354856
606126005 991035549
317494354 81749924
498660770 708507543
788575560 12828347
446137529 928497212
391516162 9255760
919917384 318846286
64920912 578487265
14854605 905250874
68590534 351705705
470932196 63072679
163388300 987560465
802124629 949572823
260191546 765770968
739087589 991627158
341147901 765526048
159370399 9665923
221662594 369225187
233931275 522334932
856320267 84953252
415844869 576983484
545957450 990964822
58797040 796020994
206958924 59134896
630758948 512563023
66223019 761438363
844088396 688903776
102903110 806008693
247809790 552682235
297464739 580028947
449792317 225347525
461930857 116750418
768467366 421325770
159713241 778172608
832972502 5938310
981212101 81287537
340149829 956337391
112228860 751328505
115804852 397775474
217032914 599992059
247572831 545492805
816159343 509481603
336329655 947090065
766818612 544983378
193934464 961316734
743416061 981292175
761347977 92465443
153769930 981902621
94512962 637056115
190488556 834738021
656798941 317939904
468350446 898720929
48784432 69878300
514648296 853621454
112711904 485542306
833692998 536384855
777354011 159033207
795980168 199509555
513760498 527059682
624324999 424351384
241103779 167406206
587521642 397710321
941090962 103168354
852705560 629608219
395274786 90455053
571888067 409292474
921185679 895266910
996846092 869217741
634449414 694917229
45939473 327970484
371184136 6116376
363435857 893221888
87785815 805882997
910214767 145637909
921236216 192818955
630567385 29342914
240757392 264521144
491577556 925290282
920418681 225878338
877680779 617569250
107274565 775065797
136926931 330468606
768863040 208462185
888733904 46816741
30544305 812614851
780318501 793393158
907222597 432306943
256902423 16171125
936046117 953513656
543574180 197180288
940226158 161798319
75171181 15095486
241551625 512477887
721288654 380658435
462233756 554633204
56310701 413363067
257178416 636010604
302821993 231180935
79164681 864527063
316667702 200981649
922699856 268816323
425487942 108156340
989635808 111431880
837126524 887766455
614418313 667093637
301388442 859862010
624029579 222134856
357993748 854925686
322765305 948737407
650463721 238550848
989770485 179682337
284053252 933061096
349204243 676858938
635265063 268087452
944353532 41223107
265912164 716312537
527163429 991082831
743188602 405889846
336962994 742753151
666091777 996147992
328701931 385811717
319981272 666435834
842964560 887926951
621488125 79647078
724024989 394145114
52054375 190352981
59341458 542015858
655567619 202979105
56942095 217196126
169751872 505069078
853819775 904160120
468028438 146145385
643696732 988449122
530778046 931029801
577180518 805183775
996205685 121771024
359715517 810106367
878478047 462899337
467219775 727525678
486926354 237812562
233805333 481768394
147689650 526668552
749476719 775584910
245120824 453535647
576875046 156458473
807801225 106611175
698145394 69866604
386771780 803130143
768504450 424195060
986495707 195674584
819922366 905788397
401734944 810550811
972816029 742266795
723082608 309918181
414564308 424085715
284035994 121932695
116733461 791432663
416668274 447129718
594224503 343379600
538732058 880804113
392083881 150627219
44038839 99970148
49760295 113569411
793993979 562919193
167675283 440171578
22003790 978988982
969057174 185622264
