21
6311.7951 38691.6007
34938.1830 24909.5037
19235.6354 21084.2163
31921.3375 24458.6419
25577.1629 25700.0540
28342.7461 13487.2805
11840.0667 3341.5046
12491.8156 8401.7080
35104.3960 19104.7859
26895.7108 15384.7964
36143.3822 30825.9501
18529.3773 30764.7440
16521.5469 36138.6578
1111.4853 38721.7764
39059.6468 18127.5652
36753.1062 5371.4418
16819.1658 31691.2891
30280.9455 36054.8012
12775.5055 22202.2830
20513.4431 38352.6684
7902.3370 8856.1892
25
19742.4037 12197.6939
24331.7645 28144.1117
7302.0899 3436.5504
15039.8225 22686.8863
39579.9326 5865.7726
1216.2635 30344.6766
22387.3196 37354.9213
31456.1618 21109.0960
36414.5681 9583.7270
17862.2021 1786.0099
26402.8928 9553.4912
32066.9554 22457.6940
22328.9967 14269.2384
2971.1371 20681.6651
22171.5754 11827.3264
32521.6139 1913.9791
24025.0203 16853.3784
30058.0908 31327.1101
20289.9288 5097.9134
14013.9964 19869.8614
10963.6860 15230.2599
10214.5379 33351.0056
12585.1812 1670.6997
14460.1016 8999.7493
11254.4267 32322.3037
2
37657.3195 1875.7949
2852.7147 20115.0135
27
17121.9531 23086.1506
4886.4567 39293.5286
34913.4770 37408.0706
1207.5076 18938.4972
14261.4490 31265.5985
10265.6073 34551.3778
36363.5119 24279.6037
14421.2391 7327.1979
39509.8636 24635.7770
678.2035 12095.0449
26306.4767 15138.3051
21094.7942 37560.9034
7460.6088 31880.5535
35218.2229 9336.4037
34733.2682 15333.2364
33541.1954 11855.2213
38419.3870 38427.6521
11148.7498 33332.8639
35835.7227 12356.2575
12271.3612 10097.1717
3621.8560 22536.9685
4648.5495 39985.3678
6816.5722 19069.7886
7312.5657 6326.4358
3705.5657 7990.7692
18421.4807 30012.0424
23129.0743 39516.2749
16
30589.6831 31396.8283
22791.1687 39926.0869
26130.0964 38124.4051
33467.2822 37985.3177
36543.7920 31894.9343
9134.0675 29876.6560
27730.6570 21490.3250
2148.0171 37827.8287
25112.1809 24684.9856
2476.3782 25097.5488
31501.5577 21546.1668
32410.1145 37827.9936
25251.7325 400.8837
16249.4742 15263.7749
23529.9581 15765.7490
2836.7207 14119.6412
13
25627.8893 14045.7280
33292.6738 23752.2944
7513.0102 31277.9915
20296.0864 39407.9445
412.0590 10172.7423
27138.6015 21902.3839
12320.7594 24966.4302
7014.5649 37005.7450
27442.8084 32112.1136
28507.3027 8988.9752
24522.2281 26335.2963
34240.7077 24923.1118
2584.7704 9504.4825
25
18350.5195 12341.2032
22572.7111 25513.0968
37969.0925 36618.4391
18805.7706 21721.3869
4131.4493 10083.7620
2017.4733 3539.3938
10495.8210 12190.2156
30677.9954 32398.2049
24510.9750 15644.4255
39412.7698 21516.7199
3087.2339 31524.8834
10024.0226 12076.2091
16047.1115 36359.3189
6316.9167 970.2233
38944.0893 15821.3993
9423.2932 17294.6088
28162.6025 31996.0043
2807.7056 26131.6950
28614.4434 21613.4761
7853.0819 32745.8927
31697.2382 9870.5552
36285.2866 2193.0591
22060.7708 26963.2819
34591.2640 6571.7457
2607.7074 34004.0338
7
5694.9413 25528.9172
38112.4883 17771.1504
1576.0287 34471.8071
24088.0672 2546.2521
33415.8964 39909.4664
11969.5453 10710.5052
28072.0689 3965.5496
13
14203.7639 32579.9930
35131.6869 22056.8458
25325.8857 26828.9250
31927.4010 21611.1723
29021.9841 13988.1717
8574.4542 23613.2481
20559.9174 11182.1617
17617.2819 8648.3830
16877.1030 3146.1991
6760.8713 34648.2534
4722.2278 1232.6784
18736.3206 7268.4799
34648.5748 18645.7870
6
5359.0799 6717.8559
23203.5748 18877.2906
20921.6198 15783.5678
14008.9775 2978.4655
1109.4536 837.9025
34905.8665 22720.6259
18
8894.0382 31295.0801
13473.1348 29453.9556
2477.2417 31090.4167
38102.3386 19354.3447
34236.6159 4863.2099
14002.5982 38958.8437
6095.8883 32738.9187
6227.3236 744.4630
11384.7057 25465.3489
6103.5429 18102.5616
8668.9237 24980.8336
39024.1813 24452.4915
38989.8111 2002.6469
25561.9451 39827.7136
36908.5134 8282.5710
29687.6002 5802.5515
39577.6510 3160.7350
35256.5072 2054.8928
18
33358.8458 21409.2375
28487.7676 38222.0557
35411.8357 27446.6113
4317.9440 28150.7544
33673.9350 5062.4070
39535.4601 19139.2838
11165.9499 17638.0217
27808.2075 36146.7835
16662.2030 12260.6991
35136.5946 18664.8499
37822.6442 34964.3082
15573.3632 6105.2151
24651.9084 21375.9148
5682.8662 27812.6434
16632.4219 7737.7589
22063.7952 9991.2677
29146.9965 10551.5628
8213.3234 24558.8321
8
12531.2673 12709.5865
31672.1090 17593.6743
12245.0466 10811.3929
28759.6242 29883.0682
38619.6004 24906.4077
6545.2712 10880.2995
20043.0023 25210.1211
8702.9436 15007.3104
25
14808.1588 39659.2188
22159.3991 20491.0249
27471.8622 38791.8210
28228.7839 9535.6574
8783.0887 17375.7803
20087.2202 16996.4121
1934.6124 18085.3942
29527.6794 14644.1989
9757.5033 7121.3537
26889.2454 20568.8961
35880.9779 16772.3136
19188.4965 20787.3856
23317.5848 30068.7960
830.3879 8527.7059
38771.7396 15837.6983
9311.1903 13579.8984
15496.9171 31470.5894
34070.9233 2968.7793
30262.4104 22299.7071
12504.4367 39045.4991
39675.4874 32591.6569
16041.9112 1610.0998
10677.0511 5569.5906
16254.2986 20434.5544
12690.9443 3143.5440
20
8571.9222 19915.8577
20191.9470 29359.3079
3233.4425 10260.7430
30189.6958 11761.1484
9032.4826 6027.3941
21072.3387 22612.3809
21524.3112 12542.9280
16683.3042 24493.0906
2805.3384 38983.0113
36997.5273 1850.8375
38658.4987 29589.1842
17892.7487 268.5985
266.2353 23462.3393
16522.8971 20700.7896
36153.2836 19666.4412
21704.2402 4725.2058
39582.2989 1896.1872
34084.5137 2815.7414
12156.9302 24274.2095
14576.8898 21189.4128
24
35649.2285 3801.7937
11825.9148 8192.1565
20485.0979 36319.0053
10997.4949 19468.1092
33316.5326 12848.3324
18126.6079 22905.7168
30741.0811 18395.2064
23171.9520 14203.4204
34918.1036 3872.7417
10356.7040 14584.5447
25576.9818 15081.9099
14166.8436 27473.1690
9166.4236 16982.5850
39630.0992 33440.6331
31559.4747 20819.5119
23742.2366 27208.7032
24621.3056 35568.1514
35400.8597 5106.4035
31887.1567 6398.3545
24574.5128 25203.6893
19246.6870 2701.1207
8109.4061 9987.7681
21096.3271 31281.3581
24191.1886 16014.4306
1
34547.8926 30598.9754
19
9629.8025 4765.8190
8204.2506 18796.2261
21748.4039 7834.3498
12236.8591 13307.8786
28653.8617 35979.0957
516.5818 13275.1674
31547.2471 35917.4415
18381.5709 23434.4037
2315.7960 2956.0836
8638.0930 21562.4830
5657.2043 16747.4991
31550.2511 26753.5314
8028.8572 15741.4397
2767.9620 3182.9569
10289.3323 33366.9374
23914.0385 19919.1347
38132.7564 32118.2891
38715.3608 19881.1603
39952.6389 10952.2199
21
28606.5006 6931.3156
33705.6208 1881.6680
38478.5626 29623.0623
20263.2389 21912.9664
31938.8583 23219.3225
30551.0594 13501.3413
28876.5269 7298.5585
5051.5924 15630.0582
15327.4156 20793.0321
18398.0203 18510.3726
31082.3644 11764.9577
2424.4111 11001.4991
9897.7141 34542.7002
9716.8599 29778.8743
34495.3391 20669.0798
22967.9133 23101.8397
27600.3953 16673.5340
24983.5077 26078.9580
6296.5963 5246.7466
7991.9243 38235.4546
28466.0691 38542.9837
9
17342.5960 5841.5421
16788.3882 32972.6542
21168.9578 37581.4203
11370.6745 39679.3303
28663.7847 23135.6322
2103.7414 39665.2838
33033.3462 36646.4416
9382.1437 22812.2206
31141.7807 30051.2234
12
14243.6204 17651.6188
22453.6678 39227.1281
3730.5767 28750.2641
4473.8746 11722.5010
26985.7187 32939.9437
10265.4847 38722.5145
10282.5397 16107.0268
15510.9027 3255.1939
37275.9846 13092.3230
14625.8684 36955.3149
1756.1077 37761.5005
39059.0563 1421.3915
25
35705.4979 10803.5352
13607.0673 26847.2786
854.7586 19387.2011
1090.8989 18506.3774
1840.8689 318.0270
22236.9541 30591.1330
4791.9016 33959.4552
17576.8517 37731.8454
4224.9399 16299.3662
8014.3850 20331.9667
31810.2689 11269.5789
17607.9513 4902.5919
25895.4473 14563.2663
6658.6997 23656.9478
13622.3226 8080.0912
14451.7945 9327.8205
18883.6264 28058.8617
36175.0991 19738.3850
7446.0628 37265.9980
38244.7624 9286.9318
37584.0251 20481.7166
39878.0648 2375.9267
14441.1717 17454.9165
107.7720 18666.1116
33754.2827 8122.1571
18
25564.5516 19391.7360
16606.0297 30467.1435
5287.1832 31169.2959
37125.8432 28944.1310
4791.6185 5205.9344
3395.9255 14119.4390
24089.5608 31454.7873
10294.5381 3827.9458
38900.8501 7560.5361
2072.7082 8187.7818
5144.5612 22554.4248
8065.8466 7520.4879
36995.5965 25520.7631
7628.2599 15661.7081
19275.0458 15750.4170
14659.7864 4839.5973
35142.1530 31265.8161
35306.7409 429.3362
25
32432.5841 29373.4672
27226.7305 37638.5185
32769.3927 1346.1696
21728.0792 24224.1800
11640.7077 25556.0250
23125.0301 19201.2438
27628.7332 31312.8119
24345.8050 10183.1580
39378.6586 31866.2929
7178.7545 24899.4217
39494.5528 22840.4626
4174.4674 15244.9697
37500.2490 9014.0648
10387.1227 28766.0650
4320.8057 10816.4589
11201.1770 36753.3897
189.9261 38427.9076
34391.9082 32959.3188
39774.0771 16119.9874
17183.4988 11414.7848
1676.0124 308.5289
30616.0286 29304.7457
31621.3408 14961.8336
39487.9037 30999.9994
6828.1265 6666.6582
6
6322.6792 29507.1208
20073.8884 21567.6490
27007.3698 29087.9532
31954.7716 15773.4348
33408.7589 2771.2305
26974.6119 30162.1486
5
25402.5194 24554.0568
35920.4755 25176.5966
674.0442 13103.9743
36591.3814 2350.0566
13412.5032 27207.4100
11
5033.8440 2169.2436
31142.7060 36033.8433
8997.3701 37809.3643
11933.2643 15320.0493
27316.4850 32007.1528
36887.6983 14323.8548
21095.1060 28842.4699
30097.2896 14503.8649
31613.7004 17071.9015
4666.0135 34574.8570
2474.4209 29220.0703
6
27651.0174 29894.1145
3599.3067 24242.3988
32244.1711 17011.8099
11449.8088 23898.9735
22045.6539 13619.0524
15041.6795 18079.4973
19
12851.0437 30012.7616
37936.4719 167.5288
22019.9144 34824.1702
14491.3836 3115.0203
23666.6401 4588.6732
17618.8852 15280.3405
21660.5746 22284.8987
9855.1975 24134.9955
11504.9690 350.5300
11786.0129 1399.0834
3949.8368 36028.4117
33643.2545 20961.6467
7478.2205 17542.2280
3007.3006 21097.2729
32583.9075 21086.7979
3713.6954 5434.9512
11099.5594 1650.1673
5602.4800 33119.4738
36474.3374 20093.8635
2
20140.9775 24682.5367
13853.3793 35421.3180
23
36138.2780 5276.5156
30478.1067 7643.2470
5627.0456 2264.1196
9042.3304 9576.8824
38292.5313 2685.5849
30538.5291 5770.7518
20227.8129 33545.8297
26868.0247 12811.7203
14632.6275 30581.7201
18246.6715 25732.1870
32231.8874 23849.1515
18851.6608 28706.2248
3943.0149 15086.1549
8847.2023 28625.5516
28939.5343 4268.5203
34968.6629 25077.8123
9545.0359 25446.7696
32721.0593 15172.0815
27710.8892 1763.3897
24748.9638 26003.4206
4448.9745 15287.4929
31774.1724 24676.7874
8833.3225 18642.1971
24
23465.9501 9223.9171
15735.1792 9198.1370
1455.8045 39584.3307
28049.7978 30162.0293
3527.3456 3135.9527
39009.2315 32152.8973
32075.4870 3277.7518
27121.5601 17153.2993
12822.7877 12568.3297
9874.3585 27994.8692
279.2189 11637.7482
12743.8330 26282.6395
16086.7227 28031.3259
18056.8118 763.5101
36864.6485 36699.0089
38252.0179 20330.5985
5922.9260 13987.1971
29528.7355 7378.7305
13571.5278 17578.5333
37540.7598 17098.8734
20714.4860 36549.9913
9251.7707 12789.9730
39827.7431 36373.3308
29943.2722 12650.5308
23
39817.6307 645.4000
9220.8794 11455.3789
13389.2330 35503.5189
27542.1016 1420.5590
13560.3308 28305.6117
38285.2074 10259.3396
26557.6296 18615.8059
16182.2657 544.8267
8144.5414 23560.9962
14116.3545 25723.0747
21101.7559 31215.2279
6437.5607 17651.7472
466.9985 19227.5337
17479.4903 36840.3293
9170.8059 30130.0211
5781.9898 8988.4366
30775.4211 15002.8692
20443.8154 4164.6542
10506.3882 7985.9170
5585.2131 24066.7189
36291.5288 3870.4205
34326.0586 22849.1584
22486.2264 10508.3242
28
30630.7678 34069.3204
37510.3395 16353.8425
15171.0763 28725.5674
22791.4032 32822.8235
29192.5659 2018.9369
10302.3138 26032.8952
11189.7427 432.3349
31814.8850 20178.1793
31207.7561 6817.7543
621.9948 35372.4103
17324.1424 8607.9118
957.6234 1390.8613
4899.4406 4828.0439
35716.9199 27748.5989
27314.2704 6225.2441
11142.5839 17945.0382
294.5645 8652.9234
34298.8807 15465.6408
37378.4908 17090.2839
8288.4643 26571.0567
19109.2208 18590.7782
12603.9518 30298.9635
19023.1131 4418.8369
10477.1428 10230.8692
11236.5911 11099.1376
5603.2794 28560.7336
19707.0494 6560.9028
29951.5949 24606.4900
3
25668.5148 12355.0889
38703.2171 31893.7590
23497.6728 16648.2552
19
32150.5962 10947.1359
7653.9643 29529.0870
28037.4199 15942.4287
16100.1436 7146.6406
34533.2068 28704.0955
37445.6042 13556.3199
33122.9324 7922.7470
23787.1890 4359.5235
19021.8846 29390.4685
32920.2571 38728.9340
35951.3713 22871.8520
23335.4240 7340.3180
8540.3668 35690.5129
6043.5351 434.1257
19188.1857 22691.7903
32622.4492 11338.7820
33638.9263 276.4135
867.8690 21676.3461
16218.8422 16968.0126
28
10752.0490 5672.1081
26268.5909 24308.3689
38795.0405 34191.3379
8095.5579 3154.5640
13213.2225 37486.0264
36074.8211 11942.1566
33437.3976 18946.6730
35277.5806 777.7156
27487.0398 30968.0935
6821.2507 27921.1656
10156.2792 29513.0411
20543.6148 21495.0612
23151.9673 20820.0283
22362.9301 4828.3134
37038.8705 39330.9428
33651.3001 7790.9195
5003.0509 19919.8910
32099.2884 3798.0914
14111.2289 194.8463
6952.6554 27324.4514
37680.8727 3027.4764
39266.6080 31118.2703
21974.1495 34544.1886
31895.9860 9461.1893
25512.2821 38717.2367
37382.3549 35668.5613
28230.2777 17925.9697
17163.6224 11382.2450
10
39526.5526 16210.5584
35784.8686 38857.4953
9861.8585 3575.7880
3860.5462 29781.7495
35675.0764 7658.6375
3892.9784 35869.9227
14611.2929 31217.4299
33550.7954 17638.7693
30484.0379 24669.0657
39612.9188 25028.2264
17
9074.1081 10540.5085
15282.2883 6456.4630
6209.0697 3512.5660
24382.4327 23372.6921
14894.8110 23128.4307
22899.2447 31105.3693
18913.2992 21756.7400
967.2278 22489.0873
25617.2861 30748.9773
18164.1637 33275.9237
34641.9557 14034.0864
7887.2165 25859.3856
7584.8818 25525.9859
16343.4234 32253.9475
25138.9047 1371.6498
8818.9991 34213.0127
11912.1583 24101.2873
14
18121.2280 27613.8533
25051.9084 1493.9201
2508.6643 8180.3390
24393.1648 33614.0336
27093.6383 6149.9047
34581.2614 9582.7255
31767.1909 25330.2387
27746.8893 25043.1145
19972.1945 1780.9756
32930.3311 5831.5800
9365.8574 18456.3169
22175.0034 1619.8049
3595.2215 23546.6533
10438.8040 37808.2343
1
34540.0913 38477.7100
14
22153.9446 23529.6183
15073.9597 24662.6089
31709.9574 39467.1245
18276.6425 18803.5956
5617.0292 12857.9039
28386.3212 37384.2201
38188.1426 16133.2104
22427.3346 18160.3371
17914.1861 15357.6657
23991.9171 27280.0435
33813.9826 6166.9205
28899.8484 37409.2041
29713.5738 39338.6524
35217.4384 25172.3854
12
33695.1483 38752.4249
16032.6883 17224.7667
13826.3846 695.2971
8934.7240 13293.5091
18971.9396 27738.3197
18910.5384 31829.8434
16124.6409 16294.7585
30017.9861 32257.8513
38722.0931 8178.3231
10172.0374 14079.7588
32170.2402 37452.0810
7893.7413 38337.1608
17
5302.9454 28050.7346
25690.5818 520.3838
13223.1199 19569.3255
34215.5321 11975.5448
35602.0137 11440.2987
25801.9295 36297.3108
20375.0228 39095.4386
15269.2504 8113.3425
18005.9770 7099.0938
24237.9833 34300.7355
37117.0799 16495.8346
33022.8286 5295.4030
26667.8721 7102.5873
37465.6433 24119.9530
14996.3287 35802.8040
10471.8824 20299.2741
23853.5386 36162.4642
1
37076.6585 15731.7896
15
9052.2033 11333.8034
26475.4887 34854.1328
7631.1142 6850.5115
33949.5714 22900.3646
14963.8539 11955.5483
29999.4584 39201.8373
6256.2838 27116.5383
15697.6719 39279.1124
32411.9413 2365.5439
6381.6997 29877.5846
26485.4970 21378.0283
25680.3886 36957.3794
1677.3024 9533.9272
33119.8435 22496.9603
6610.5857 8851.6332
2
15662.7890 20185.4365
24007.6389 10516.9218
16
30858.1504 4466.4932
10716.9153 5822.0043
16422.0415 716.3737
5023.8416 22678.3253
27832.9120 20721.5135
21957.4377 20244.8534
23087.0574 28339.1373
10122.4379 9572.5544
9717.1657 35802.8266
6529.9338 11394.4681
5336.7537 39649.7773
33891.4283 11947.3394
8501.4105 31423.5785
27610.1285 28686.8470
15431.2175 38127.0503
16503.3977 6289.3679
24
27220.3130 12111.3722
19015.5850 27936.6868
17135.2138 1693.9103
15769.5988 37856.7273
23651.3479 36014.4521
20943.7848 11990.4853
6136.8901 30516.3392
21707.6509 1939.7166
37046.2729 33102.1190
7276.4704 36696.0502
26993.5473 19223.8098
5197.4607 18417.1258
6833.9383 33884.3077
33848.3433 4960.9886
10387.7054 137.7111
7554.5320 37608.0184
12249.0834 26570.1170
25544.7052 29384.2972
28264.0273 1314.3040
27241.0245 11915.3752
37328.7561 8184.8093
23905.8604 3465.6462
38701.1485 5613.5113
5405.3628 35747.4214
7
12681.8332 32443.4716
25709.1776 31905.6431
37640.9323 4126.3034
38739.5814 31525.2400
37974.6467 3700.5699
1912.9454 38112.3579
11255.1019 39520.9638
13
37825.2189 25065.6690
39745.7385 26089.2462
26379.9729 26986.7630
38004.6214 23708.7290
35171.5723 21910.4818
27174.3752 33872.7208
27523.9931 32579.7380
29620.1422 26239.6234
5261.5712 22063.6138
11948.8011 37167.2143
19704.5461 16075.1045
35906.7956 11229.7860
14049.7512 39607.3656
30
12162.1091 10862.4675
12663.6952 22523.5504
8687.6864 37729.3641
22269.2889 34776.9326
24109.3371 9256.0519
32781.5539 7818.0661
4427.6242 14692.0357
34992.4413 38300.3450
2216.0288 27572.1793
27920.4872 28455.6523
32833.7505 9984.1009
404.4533 30000.9648
29688.6470 16479.5578
25907.7604 918.4331
30529.3090 25515.1259
14061.1645 2691.4182
36377.5934 26724.8596
25214.9686 5065.2798
24454.2238 7484.2574
39842.2124 8563.5608
16740.3093 32623.7663
16381.6269 21167.9335
7315.8020 11374.0682
19468.2785 9531.8308
38946.2475 7388.7657
37987.4831 31779.9980
17372.8667 38391.9364
21780.9628 7061.5137
14871.4942 7688.7232
7979.9467 5400.8032
15
22041.1112 8092.2214
29581.4425 8765.9708
33307.1899 34646.7223
33220.1946 791.4474
34488.9347 1783.7554
17531.7567 27112.7011
18165.3824 38699.6903
34428.5031 29539.4506
18167.9688 3960.3339
28485.6980 25556.7345
1947.8169 20265.6960
2929.6011 339.7533
2046.6588 9991.1148
15211.2475 9735.3819
17971.0616 20612.0507
23
12.1727 28704.2720
32520.6735 8778.1436
22011.4619 27167.3958
1998.3382 22802.9093
21656.3306 3782.0936
334.6660 8769.0316
21947.4760 39034.3563
3197.5347 11486.9265
17202.3250 7157.8686
39972.6245 2759.0595
9105.6855 20238.3205
5688.6606 9445.4389
22284.9793 15679.7754
24656.6863 32020.3612
33650.8370 5268.7370
34959.5922 33663.0098
33973.0090 27480.2657
2441.1533 15984.4709
14647.6615 4439.4915
38787.3803 36303.9920
8221.5851 39122.0463
5073.0236 30169.0611
38156.4025 8270.5583
10
15358.7275 15428.4269
1628.6122 18117.7870
24534.1124 21866.9327
23806.4477 33979.5513
4151.9119 39486.2231
18636.2376 36172.2731
33137.0601 23904.9746
31131.8653 26800.0698
17877.9836 18612.1309
29241.2231 33862.4545
28
33680.7147 32649.8347
29563.7844 1902.2998
31771.8810 34636.8081
32071.3609 29928.2835
2907.3664 33727.3485
5287.0110 18335.7933
35355.9607 23404.7980
2869.9057 17222.8934
7211.2457 36849.4570
21374.8053 6697.4687
15485.6946 17547.0784
39834.5288 39390.6692
8678.9437 26634.5986
17268.6528 27291.0747
15875.8218 11131.1073
20550.8670 9556.5364
3780.9421 10114.6515
11458.8362 35552.8231
4751.4595 3530.1971
25481.1065 7658.8259
37257.5457 30768.1175
25994.6192 32613.5064
14172.9155 28864.5249
9836.3997 21384.1612
25713.9819 31211.2050
28081.6300 1199.6765
8758.2835 27916.1588
590.3458 17437.2272
21
17858.9986 4728.3018
30426.5792 28990.1059
25279.1689 39983.1156
32771.0480 35393.8203
11441.9518 28323.8710
145.2798 14972.1490
13804.9776 7804.1057
12229.6946 4573.0951
33798.7249 4843.2010
18746.0106 22663.2497
14679.6007 130.1718
8377.2316 5890.8057
28211.8018 9576.9082
14649.0891 16127.9605
10167.2539 32086.3163
30678.7180 28026.2525
36814.6182 21105.2972
17016.3584 22093.7870
21088.4128 9787.4064
17487.6073 32530.3647
38111.2775 17632.8872
3
11916.2550 25436.9929
19732.2082 16489.3501
19235.7177 24575.4092
4
1898.9674 39255.0098
35365.5325 10276.1990
5145.8155 23577.3343
19853.1072 19794.9046
24
30020.3611 11881.2209
30384.0128 18046.6137
8695.8391 11489.3099
35062.9721 30789.6261
32577.7227 4850.3785
8277.2335 25108.0873
2961.6560 25910.1206
32610.6009 14877.9110
11347.1135 12342.8091
31367.2611 30582.8312
36918.2183 26602.6217
32481.7986 36173.2281
21968.1542 2757.9976
1319.0436 5545.4885
22611.1048 21113.9482
5250.7833 12631.4659
32995.1692 35634.7961
30678.0796 1691.0083
7124.1060 25741.0517
32480.6344 39701.8287
30591.4302 757.8678
24809.9160 33553.0862
26667.9884 17420.5169
8430.9971 38015.1019
20
39798.2582 28597.9330
26681.5443 26400.8799
21079.7316 22854.7725
8369.0342 23837.7292
24173.8161 13914.5227
6448.8340 5287.7643
19165.3060 19080.2999
38282.9335 14800.1020
9758.3795 39973.9418
21924.2080 35499.4312
32454.5762 21626.0367
26090.8613 33212.4440
6435.9526 19643.9475
19880.4324 23856.4695
28074.9446 17895.5343
13619.7956 27873.2028
6493.4674 301.3399
14274.0827 27573.1990
23156.1124 22643.1169
11410.9282 7329.9284
11
17859.7621 12617.6927
15722.9456 36940.0620
10900.6262 30523.0476
6698.4415 10874.5680
12447.2556 2197.8726
3329.1441 34073.2923
28288.7340 36541.5881
509.2449 7932.6814
16422.0206 24365.7145
36007.6261 34317.5549
37985.5100 23880.8289
25
38286.8499 38154.9116
28384.2212 21442.9623
20798.0285 39795.1494
28772.8908 17355.6681
17654.9115 1390.5835
33078.6137 14594.9735
12291.2098 23601.6613
21293.4150 23165.7778
36048.9169 23491.2876
26494.9219 30122.2092
11780.0215 23036.5100
30631.4541 19712.7029
39458.5306 14997.1686
15720.3290 33776.0855
12982.6786 39601.1579
34587.1077 11269.5285
37756.0695 22971.3289
32712.4909 18554.0981
22766.4782 21485.3816
35909.7662 421.3897
22875.9651 28988.3798
15016.3632 35167.1749
12590.0411 36309.7781
18332.9526 8638.9580
19801.0657 4827.8745
18
31581.0872 27864.3846
29392.6213 11293.7901
27322.9152 4389.7899
27014.1192 21099.0006
17372.4685 26615.2771
15686.1083 28641.9970
24371.3466 38657.4372
21354.4878 2925.4446
21423.9154 2839.8694
38835.2108 21845.3051
25715.8346 27823.5906
36861.6683 20883.0094
413.6317 33171.4464
39215.9621 9052.5897
12972.5121 4043.8366
7813.7568 4553.5993
31908.2212 37206.3781
15847.3895 19231.1363
27
2861.5086 330.1369
18968.6364 29476.7857
16016.2452 7610.6334
13848.1322 14673.6824
28965.1213 16773.5769
36097.5978 31804.9907
15608.7876 17942.9029
17520.8253 3432.3782
14804.5711 38403.8347
3846.0099 7976.0176
37619.7968 12898.5995
20948.5297 1663.6334
20712.3564 25502.1290
33571.8546 17918.7345
1349.5185 12802.9909
19514.9025 4211.0271
13133.1278 38483.5390
33687.8128 29149.3730
6094.1724 7535.9450
3823.0554 35059.2936
24309.5219 39920.6532
26864.2843 39918.3095
17863.5560 4385.1095
3350.6877 32668.1272
2788.9442 7196.6976
644.1448 408.7410
20095.2971 21592.6745
13
807.6535 7094.8035
35644.2290 18726.3880
8444.3220 8447.2198
38241.2905 12655.3490
21580.3477 36724.8295
6343.1618 10729.7207
2819.0018 13879.1068
14552.7761 37878.2955
38188.6286 14473.4293
24742.5798 38106.9381
32336.9853 29127.6893
1457.6258 25005.1125
31916.6335 8654.3234
26
32325.3745 28749.6206
7241.9317 34397.7489
29557.2741 14336.7352
30041.9779 8283.6621
22781.0572 38489.1977
6524.9526 35436.4063
20069.5453 3249.7821
1779.5680 30799.2660
6068.7839 15658.6748
5352.0421 3947.0794
13847.3034 19825.4714
28689.6592 11954.2415
12162.4567 17817.3484
13411.8674 37167.5692
9733.9820 22066.1908
22816.8265 2059.3565
10815.8113 30058.7583
36457.1054 373.0854
4395.4935 26499.0833
8656.7475 27176.5507
24988.2810 15181.7001
22612.9570 5057.8263
18431.4822 24392.5250
35857.0923 24500.2661
51.1998 1209.1344
28447.3455 13898.5033
13
17137.0047 25852.7448
33197.0626 34954.3531
39264.6122 30364.6318
4688.3351 21330.8030
13181.4583 6747.6916
32146.6143 3240.2166
3204.7970 32519.6996
7635.7101 29703.8802
1176.4471 34812.2608
14692.1612 16358.1471
17425.2178 19749.9875
34789.6293 1817.7428
15607.0798 19289.8954
5
16816.2142 7737.2409
15767.4459 37850.8201
24874.2456 1620.1907
31047.8826 19828.5987
884.8029 21412.5144
30
22215.6059 34593.9727
31264.6253 14362.2201
37834.1893 34469.4223
6881.9197 5469.8994
24173.3025 8058.3668
282.1602 38865.4637
24416.5139 17707.3780
18615.4512 19206.1433
19525.1208 34222.5310
38496.0387 21394.0634
11038.7452 6233.2796
37161.5093 8889.5653
31107.5253 38781.7001
39937.4479 10936.1240
39666.5030 21349.9624
35453.0577 21882.1088
15943.9351 26717.6831
36244.3290 13778.1244
21187.1053 3126.2487
19248.0237 5360.4079
11184.6155 19530.1839
4225.8715 35601.1294
37237.5619 22841.3227
14807.2727 16762.6826
17063.8537 13303.3113
38156.7460 28102.5989
19536.5910 35318.2553
36992.1643 10644.1162
34099.9554 36929.6122
21580.2402 33766.4583
26
17033.2979 15648.5672
34223.5096 3750.9809
11892.8961 8001.6340
24938.0863 15019.1448
27249.6577 30298.4941
26203.7603 6779.8416
34524.3657 21804.8897
4017.4035 17365.6884
36612.1623 20780.0861
34429.5421 9915.4737
18936.8321 22532.1411
29452.0646 14255.0875
19524.3053 96.1809
8355.0428 16453.9175
21676.4211 2121.5012
34733.4920 38709.7190
17770.0683 28957.0017
2460.6999 29662.9645
36958.6356 27398.7862
4682.1092 24208.2933
17697.2803 30885.8695
30988.1350 12221.6460
12690.7592 35005.5385
29587.3344 9302.9215
15785.6246 24016.8765
19218.3951 34722.4567
16
8670.4598 8977.5442
26073.3229 8766.6406
17332.5870 2527.2404
30443.0617 19454.0881
37260.7325 29152.7807
37224.1565 26217.7341
31613.4806 26887.1210
23176.3697 19012.2668
31569.2302 7384.6630
36709.5471 22455.0997
38372.7980 8931.1930
35145.8588 33378.3365
38518.5274 4448.7803
9163.9611 22535.4039
23667.1754 3886.4178
29084.4215 32337.6352
18
15157.7445 1104.2758
30196.5489 17684.9849
31547.3375 9650.6370
14945.7173 20700.1182
6874.7935 1163.4514
12313.5988 33761.9145
24339.8211 31325.8655
25331.1447 31724.4842
28035.4126 7786.2443
30097.2822 36966.6056
2932.1032 23475.6187
35485.1331 7380.8835
32639.5798 18020.5370
31048.0589 36525.9975
7104.9585 23385.6941
9389.9594 22262.7030
24489.9699 39586.5083
39947.6879 16037.3074
17
14893.4052 36737.4256
16111.9389 16056.8566
9051.0244 9873.8534
396.6778 376.8899
35204.9981 32121.1620
28412.3025 2991.2424
22218.4442 25378.9081
5923.3456 5694.0628
20864.0411 13304.2290
38333.6426 38884.5781
4352.2879 34859.6401
5989.5366 27737.9820
4249.5995 28252.2396
12227.9519 3836.1078
28199.9275 28265.2593
13073.2532 3093.3326
25002.6849 29185.1921
19
34053.7092 39059.0455
19546.8670 34430.5991
34264.0436 11668.0290
22842.9016 37255.2860
33886.4731 8221.8097
3178.6315 39580.5360
29085.8508 16482.8605
37914.1785 27970.4289
20835.1485 32773.8186
33959.9656 8573.1304
37023.4181 22212.2052
20801.0823 859.5259
10412.1327 9066.3416
13932.7791 13505.4653
34069.0264 3117.9712
32655.6546 28122.7357
2177.0167 12202.5216
22553.3347 36441.0603
23870.5506 5396.2363
15
17757.0237 13618.0460
36874.9778 17337.5597
2703.8968 13357.8383
15251.7382 30674.3257
34192.9868 8025.5568
24634.2913 2766.1172
5048.9749 6846.4964
23567.1996 5908.5008
17258.6291 32633.5411
19841.2799 30764.0944
26702.5676 22959.2512
23419.7490 14825.3032
25136.2679 35622.2706
37378.6380 21577.3282
19492.8212 2774.8743
5
37249.8449 16392.9202
12148.6523 14587.4046
19096.8170 25506.4906
29839.1429 9771.1427
19699.4774 37864.6997
10
22465.5946 2913.6746
1251.9304 6032.7941
8822.1754 18510.5595
38666.3353 28663.4554
9274.6539 25368.9029
11622.7065 32694.4029
194.2061 36758.9745
28316.6735 37572.8441
18336.3027 7809.4947
347.7183 33609.9771
28
16740.6386 5758.6294
19646.7443 35837.4556
31265.1199 9485.8871
5608.5982 10964.5973
7350.5868 14.0322
33430.1919 10264.2614
1265.9625 39462.9860
19086.4368 19776.5220
38129.3213 7749.8921
29051.1758 23498.2242
19372.5987 21745.5787
23692.4303 16131.5731
10062.2521 21265.2744
34467.8758 17871.7468
21612.9927 28077.8529
22931.0864 38353.6313
33836.4823 2577.8307
34191.0868 25101.6022
12063.7178 39799.6850
36066.1995 19414.3046
39813.7172 29496.3914
29678.5659 1079.6797
28959.3774 8765.0027
20856.2017 27088.6987
16514.8949 9907.3775
10586.9229 35887.4935
31652.9562 34279.3532
12019.0666 1715.2084
14
6486.9424 19586.9552
37157.6202 34564.7952
2518.0416 35511.2514
28401.2775 5095.8723
29702.3382 13502.8797
17159.5900 29502.0233
9569.0792 36573.8946
29315.7405 39065.4706
26252.4605 30395.4202
28024.8479 35017.4632
11251.6219 15113.5466
11532.3581 21158.9994
25700.4695 7419.8516
12811.9556 19979.8226
4
14527.1640 35524.4501
25925.8605 34114.1192
32682.0703 20490.6558
36632.1608 28193.3217
14
1728.0331 17895.6599
22394.8130 18887.6231
7397.6832 31963.8922
15461.5177 36713.4236
31029.3627 1713.9782
27108.8438 19054.2107
36731.4414 38360.4657
34167.7573 8263.7995
19519.4651 19868.2267
15683.6511 32331.4208
39848.0494 35122.5693
6858.5848 35372.4995
21048.4298 972.7040
28054.5698 1539.0856
25
16247.8915 10431.0189
39332.8978 34143.5514
32825.8319 18220.5209
1541.2345 24789.7240
33682.0386 38254.6581
15819.0868 35396.0168
25363.5019 34873.2974
32127.4582 23723.9676
29041.0547 391.2576
3243.4327 8909.2814
16074.9087 35574.8535
8757.3308 11197.4780
2433.4382 4129.8303
32245.9077 3406.1422
32184.4001 33784.9933
1011.0070 8432.2915
4216.0122 343.9048
2575.8429 37041.8440
18564.4257 4117.0773
21831.5681 12246.4643
2371.7354 37650.6548
7642.4811 27735.2374
32523.9522 39769.9393
11459.2049 21565.0069
161.1969 14702.6376
8
16236.1057 10277.4911
39231.6191 27433.5836
12710.9293 3361.4494
19679.4913 16117.0715
35545.8495 13464.4846
17128.0785 3978.1410
17680.4968 17471.9833
6553.9838 14722.3409
27
10671.0612 36553.9089
8282.8733 13042.7966
34204.5637 15925.3544
778.0340 26728.5160
15695.2937 12237.2389
8293.5229 15856.4906
26939.8765 38767.8112
32092.5963 37217.3676
37999.4304 19526.1799
9928.2969 1360.8798
39205.6713 26045.3684
36906.7293 12670.1559
3173.4468 884.8702
30350.6527 20645.4301
7438.8541 5072.9936
16681.8391 18109.9153
1626.9025 24964.7124
31152.7119 35831.4662
890.0668 31930.7459
22559.9822 16585.3605
4167.9848 30853.5051
32441.8512 31107.8613
29621.3163 24534.4475
28325.2289 27620.7466
4060.6274 38253.5258
28981.6264 3266.2986
24298.8942 25888.3556
9
27472.3410 26773.2258
6287.1073 8117.7711
34212.0799 11360.1008
24799.6102 12321.9952
12987.0033 9764.3226
3474.7070 8818.4696
10654.3894 35405.4529
31378.4517 27239.7499
39573.4377 22231.9568
3
30681.2990 11853.2731
4216.0486 19006.5280
39474.0197 8276.6759
9
28455.6460 11542.9746
1558.9479 14344.0016
27479.4291 29031.2889
1117.2274 33766.5364
37149.0600 35329.3073
5126.6372 21948.6701
7651.3025 18113.6406
31712.9927 11126.0095
26932.1101 2367.3821
12
18310.5619 29607.1320
6104.9002 542.5186
9288.7331 36786.1992
12395.7917 13504.7817
15792.7272 11869.8113
21781.4576 33052.7809
325.4573 33324.4322
34611.7288 14669.4589
20803.8613 23643.0176
15786.6863 14570.3976
20792.0776 11115.9936
19697.0349 2740.7477
18
37810.6754 34453.7404
29893.3056 24742.7855
36821.1225 36424.7681
3053.3473 26428.2545
2529.6683 3595.8660
35716.9876 39315.8675
15991.6577 9221.7692
15108.5947 27861.4690
31003.2268 8161.3755
28186.9263 24327.6590
2773.1043 2856.3852
5131.5202 26416.1220
18643.0715 19701.9179
7208.1995 29759.0651
39398.9527 9948.9472
8526.3612 37209.6281
4402.6876 38419.6668
21952.4136 1223.8101
6
25005.7609 27652.0646
37374.1032 28601.6270
23369.0522 36689.9707
4593.2846 32590.8214
11798.5654 32454.7536
23594.0482 19959.9409
4
7921.7072 22733.0452
23498.0651 13053.2274
9149.1672 2141.1366
32755.1453 16357.3667
21
32154.0980 26306.3140
426.5629 29363.7261
30709.0016 38846.2298
11316.1397 31932.8118
33690.6647 36321.9007
19584.8764 31064.7679
24923.5276 2953.9285
27754.7386 29516.8123
35544.7500 39553.3040
21971.5659 19138.7982
19513.2449 2613.2458
27060.5054 2246.2901
26111.3110 113.7329
11395.4573 28252.4476
32868.8782 27752.8240
20152.6493 25022.9762
14059.1380 20579.2123
14386.7024 4768.1396
19425.4420 25702.8421
36700.9513 13116.1067
22024.7428 16285.8277
18
6948.2704 19239.7562
31935.6132 36465.0827
14784.5062 31488.9172
18436.6485 33923.3044
11002.1620 21049.8943
20983.8098 13248.4521
7161.2053 21097.5427
24643.9094 35413.6529
13966.4209 12396.7334
15566.3022 38989.3971
26455.8714 36145.5145
13376.0995 31224.0109
15570.9565 39078.9416
27924.9622 28687.0632
21103.6843 4210.7899
32867.9378 28051.9547
23450.5461 24803.5511
24517.0374 38235.0523
17
2953.6859 32158.3567
27294.6302 24003.5802
13142.1665 543.0823
31164.7855 34239.7092
25186.9917 26578.4384
8206.1301 37583.7251
2144.7406 7195.5272
24039.5965 38290.2551
20571.6266 15263.6074
13861.2115 19650.5682
3188.5696 2548.2747
754.2525 7399.3595
35416.2126 28806.2072
30849.9056 20219.7636
13323.2446 29084.9579
36512.2318 16276.9305
21243.3146 23806.8621
15
34385.4811 24349.9444
31445.2962 28625.1903
9536.9361 18023.7346
36831.3204 7120.6613
20168.4752 4026.8476
31160.2578 18458.7302
24598.4742 6423.8651
32319.9417 4249.0424
9612.4348 34868.2165
5003.2949 17011.7943
30284.4290 33809.5022
7861.6999 10504.1926
7132.7468 36946.6579
7016.4245 23409.6773
18189.9725 30823.2865
22
12575.4536 15173.2309
15135.4842 1200.6439
24710.1670 33159.2188
38031.9643 31830.8283
13327.6940 2058.8119
22991.0861 31786.4242
26657.2861 29414.9512
24106.3659 30906.3285
39027.3860 18974.5824
35909.6235 16039.1802
9259.0114 29719.1256
23900.8802 19763.2041
36851.8724 20847.5380
26779.6285 20261.5496
39037.5105 17602.9150
3951.7376 11612.9640
32776.1460 19087.2218
12813.6079 17486.3130
12246.4405 10845.5722
9317.1413 25574.1345
12904.3841 32308.2273
17360.5587 39561.6702
6
1466.9246 30467.9988
20750.5645 20441.5070
26377.6222 36789.7447
29700.5184 16096.7478
20690.6248 9463.7225
12948.6202 1538.1628
2
33210.1698 575.6733
13846.2661 37161.9074
3
6622.4120 16249.1291
25002.2452 24108.7250
28495.5697 35847.8175
0
