99
-4595 -5599
-532 7224
7241 -177
6758 -2607
4171 -5922
-4456 5710
3256 -6470
-4995 5246
6388 3414
-4315 5818
7104 1413
-6213 3724
1760 7026
-6388 3414
-3875 -6120
-177 7241
177 -7241
4731 -5485
-5599 4595
3414 6388
6213 -3724
4456 -5710
886 7189
-6878 2272
6692 -2772
-7209 710
-7224 532
-3256 -6470
7224 532
6981 -1932
2272 6878
-6302 3570
-5246 4995
-3097 -6548
7104 -1413
6932 -2102
4315 5818
6548 3097
7224 -532
-5367 -4864
-2772 -6692
-6981 -1932
6878 -2272
-7241 -177
-6932 2102
7067 -1587
1587 -7067
-7244 0
6023 -4024
7137 -1238
-5367 4864
-6758 2607
-2607 -6758
3570 -6302
2772 6692
-7165 1062
-7235 355
7165 -1062
-4864 5367
-4171 5922
4864 -5367
-7137 1238
-6470 -3256
-1238 -7137
-4171 -5922
-5922 4171
2935 -6622
6120 -3875
-2440 6820
-1760 7026
-5485 -4731
6878 2272
-6981 1932
0 7244
-1238 7137
6470 3256
-6692 -2772
1760 -7026
7235 355
-6758 -2607
-4024 -6023
7209 -710
-1413 7104
2440 -6820
6302 -3570
-6820 2440
-3570 -6302
2935 6622
3414 -6388
-7067 1587
1062 -7165
-5122 5122
-5922 -4171
-3570 6302
5710 4456
-2272 6878
4315 -5818
-1760 -7026
1413 -7104
0

