7
-10 0
0 -10
10 0
0 10
-20 10
-10 20
-2 4
4
-10000 10000
10000 10000
10000 -10000
-10000 -9999
15
-5889 5234
-3439 8601
3771 -6786
7320 2954
-4149 -3567
8596 9713
7054 1944
2089 1941
5984 -7011
6028 5152
-8515 2552
-599 -2066
707 -875
1882 8265
-3887 7463
13
-50 -112
-138 -30
36 158
76 132
93 107
-28 -28
33 159
111 -168
98 36
-1 -151
-128 32
-85 -102
58 18
80
10000 -3912
10000 5729
2479 10000
-10000 877
10000 -3309
7548 -7736
-2714 -10000
-10000 -4528
6637 -8647
-10000 -3810
-10000 -195
8113 -7171
-10000 -3676
10000 -707
1831 -10000
3926 10000
-4818 9607
-6542 -10000
-10000 -3984
-1886 -10000
8363 7459
-6265 -10000
10000 -2065
10000 4468
-2350 -10000
-9611 4814
10000 277
10000 2398
-10000 -1148
585 -10000
10000 -3176
7822 -7462
7749 -7535
-4269 10000
-3779 10000
-837 -10000
9921 -5363
3268 -10000
10000 757
4045 10000
-4282 10000
-6837 -9853
8000 -7284
535 -10000
10000 -1765
-10000 1637
-4753 9672
10000 -550
-2465 10000
-10000 -2613
-1377 10000
10000 -2106
8154 7668
9980 5842
6870 -8414
-6611 7814
10000 -3346
7955 7867
10000 -4005
-4147 10000
-10000 -4117
-8971 -7719
6586 9236
-10000 -826
1890 -10000
5090 10000
-514 -10000
9854 -5430
10000 -4418
3451 10000
-8018 6407
8435 7387
8092 -7192
10000 1714
-10000 2450
10000 -1728
8562 -6722
-10000 -2455
10000 3296
5449 -9835
36
3530 2665
1896 8184
3647 2798
1779 8033
3643 2676
-8952 -1721
-9045 5398
-8921 -1900
3598 2733
1760 8167
-9024 -1709
-9050 5423
-9029 -1731
-8993 -1744
1817 8101
-8992 -1763
3601 2753
-9051 5394
-8997 5312
-9043 -1825
-9044 5377
1865 8011
-8952 -1840
3627 2797
1731 8128
-9033 -1828
3662 2707
3624 2660
-8932 5339
1854 8001
1872 8075
-9005 5405
1744 8192
-8949 5337
3571 2679
-8957 5392
27
2 5
2 3
0 4
0 3
2 2
2 7
0 6
1 6
0 2
0 7
1 3
1 5
1 8
1 0
0 5
2 8
0 1
2 1
2 0
1 7
0 8
0 0
1 1
1 4
2 4
1 2
2 6
4
-71 0
-33 -77
-38 28
-54 -70
98
209 -71
114 -98
85 -44
114 10
92 -73
205 -10
113 9
174 -104
187 -97
181 13
99 -84
206 -77
86 -55
177 -103
210 -69
98 -5
183 12
179 -102
116 11
206 -11
172 17
186 10
96 -8
212 -63
111 -96
90 -19
123 15
128 17
191 6
208 -15
204 -8
169 18
90 -69
126 16
181 -101
117 12
169 -106
96 -80
119 13
110 -95
95 -78
134 19
126 -104
202 -5
166 19
88 -63
139 -108
98 -83
91 -17
186 -98
184 11
191 -94
165 19
121 -102
203 -7
117 -100
131 18
116 -99
141 20
201 -4
123 -103
125 -104
128 -105
212 -25
87 -28
97 -81
213 -60
201 -84
141 -108
209 -17
94 -77
134 -107
109 -94
187 9
160 -108
159 20
205 -78
161 -108
179 14
213 -28
87 -60
160 20
211 -66
113 -97
172 -105
135 19
119 -101
131 -106
135 -107
215 -44
97 -7
121 14
161 20
166 -107
92 -15
203 -81
159 -108
211 -22
54
0 7
2 0
2 1
1 4
4 1
4 4
1 1
4 0
5 4
0 0
5 6
3 1
1 2
1 7
2 3
0 2
1 5
2 5
2 4
4 7
1 8
4 8
0 6
2 7
5 8
0 8
5 1
3 7
5 3
5 0
1 0
0 1
0 5
3 6
5 7
3 5
5 5
0 4
4 3
4 5
4 6
3 8
2 2
3 4
3 2
3 0
4 2
2 6
3 3
2 8
1 3
5 2
0 3
1 6
4
-109 -190
11 -68
110 48
271 -4
100
-829 8317
-6108 629
-5033 1797
-5829 -1587
-6033 1282
1167 -1405
6674 941
8054 -5061
-5772 -8344
-4094 403
9897 -4647
-3156 -9877
-5825 5850
7192 -4921
-9452 3997
-2973 347
8377 7588
9796 1063
1091 5437
-1509 -3198
5822 -4667
1035 -463
-2987 5452
-6449 -340
-8916 -4269
3383 -8067
6219 9823
-9468 7527
2866 -4433
-7762 4821
-5973 1615
-8089 -2746
151 8353
-7930 -4788
-4774 6087
5229 -8349
-2496 2136
-5946 -2390
7738 8777
8038 -7741
-9190 -8100
-2513 -8519
3340 4737
-8381 2253
-94 9205
2486 8565
-8334 -8221
-760 1100
3909 5495
-3707 4351
562 -2557
2325 6919
1855 4533
-3517 307
8724 1030
-8549 4949
-4957 4172
-7108 -4744
-2620 8969
1964 2352
158 802
-3953 -2681
-2841 4168
-1129 -7953
9313 -3761
8776 1573
-3895 9492
-5422 8717
5909 -6698
2299 -8218
225 5213
-6568 9673
-4606 -2361
6087 2151
5615 -1509
9119 5991
-5706 -432
-7368 464
9745 5996
5163 -5585
-5958 -4723
-9712 6040
-428 1757
5746 -2024
1067 667
-1901 -514
-3676 -4088
-5296 7467
7487 4867
-7489 7635
3413 336
1642 1974
733 -3690
-7533 2556
7727 -1937
-2170 -5884
9884 -3322
-3350 -2212
6399 7834
8980 -8912
4
1059 400
388 195
-647 -243
-787 1203
16
1 3
1 1
0 4
0 0
1 2
0 3
1 5
0 1
1 6
0 7
1 0
1 4
0 2
0 5
1 7
0 6
12
-134 -198
-108 -135
-202 -198
-229 -153
-163 -86
-117 -113
-228 -159
-174 -208
-184 -206
-114 -176
-223 -120
-120 -185
21
0 0
2 2
0 2
0 1
1 4
0 3
2 1
0 4
2 6
0 5
1 1
1 5
1 6
2 5
0 6
2 3
1 0
2 0
2 4
1 3
1 2
56
3 0
1 5
6 6
0 3
3 7
2 6
2 0
5 2
1 4
4 3
1 3
5 3
4 6
6 4
0 7
2 4
3 6
3 2
2 3
5 4
3 4
6 1
4 2
5 0
3 5
4 5
2 2
2 1
6 5
5 5
3 1
0 2
0 6
6 0
5 6
4 4
6 3
0 0
0 1
2 5
1 2
0 5
4 1
5 7
4 0
1 6
4 7
1 0
0 4
6 7
5 1
6 2
2 7
1 1
1 7
3 3
8
1 -7
5 7
1 3
-3 -7
-8 5
4 8
1 10
2 -6
36
5741 5991
-3221 412
1399 1927
-6240 -5149
8919 -2610
5738 -8617
-3100 8682
-486 470
6379 6027
-9793 1483
9670 4577
-5758 2207
9238 6200
1986 9059
-8850 9664
-6270 940
4674 6949
-2037 6751
1040 1768
-7947 5840
4117 -1003
-7535 -5371
-2002 1697
9363 -8272
8619 1288
9428 -5520
-6682 5839
887 -9188
-4689 2685
5550 -3119
-833 -262
3655 -5262
7423 4482
-3389 -4217
-5049 -6570
-941 -7314
74
-101 17
63 82
29 -84
9 -143
192 -27
28 61
155 -12
193 -20
35 67
87 87
-11 -98
162 -83
-24 44
38 -122
168 55
86 87
154 -49
45 -114
44 -95
54 -8
168 -77
65 -63
-12 -150
53 78
109 -112
11 -62
-11 42
66 70
163 -82
137 78
-39 -12
13 33
-3 -2
102 60
-2 -27
-129 -33
141 -98
27 60
29 62
56 -96
129 -96
7 56
42 69
-4 -148
103 -109
-111 -114
131 -94
-13 -96
104 59
-12 42
-2 50
-29 18
167 -78
-49 43
136 32
-15 -94
-75 -143
-103 -123
152 -57
-75 35
-8 45
-77 -142
-104 14
139 77
2 -43
40 -120
18 30
-120 -8
87 -109
167 56
125 44
55 -10
-30 16
13 -141
100
-7640 2609
-8567 3191
448 -7308
-9771 -1290
-1624 9882
5128 8850
-5204 -7147
-8486 668
3388 -4382
-8451 -1580
-4295 8404
-7317 9234
-4580 -4912
-1225 5478
716 2529
8939 5458
-99 -7087
2902 2059
-7534 9702
1654 1313
8376 5510
6457 -9851
7952 14
-8128 -169
-476 -9063
-5297 5925
-4269 6468
-3687 2540
4512 -2909
-7530 -3808
-6624 1899
9110 -5601
6595 2403
-7902 6457
6502 -6457
-3224 -7275
-1908 -3569
7291 -9689
3745 -9159
976 4320
-1702 8633
7569 -420
-5469 -3598
-7710 7499
-7516 8064
-1166 -7345
-2108 -7358
2138 -7330
9424 -1340
9379 -8772
-7630 1942
8578 -1241
-7378 2588
-1498 6731
-4557 2756
5155 -9546
-6210 4930
2247 -2254
-3356 -5735
-4858 9894
-3717 7870
8447 2045
8745 4350
7822 -9815
-8112 4083
7457 5038
5924 8302
4419 -9959
-2424 -9449
-7498 2476
6836 -3987
5305 6229
-2365 -630
4535 -1991
-4117 -2274
-1054 -9714
278 1929
6117 5200
-2057 -3969
-2055 8796
5217 -2221
-4642 -8735
4142 -6003
-3080 4693
5219 -9704
2413 -2352
-7584 -9019
-5932 -3201
8503 6047
2290 -8612
8905 -6065
8677 -8122
-6857 -2128
-4735 -7222
-6449 4546
-8002 7526
-9887 5239
7363 -213
5308 -142
6019 -1525
11
483 1095
442 -126
1089 -943
-100 -1075
-577 -877
346 716
966 232
-498 752
-35 63
-350 -1144
711 -117
81
4 7
6 1
5 2
6 6
3 8
0 3
1 0
2 6
2 8
7 4
1 8
0 1
7 8
8 6
0 6
3 4
4 8
8 8
7 1
5 6
4 1
2 7
3 2
7 7
7 6
0 2
6 7
5 0
1 2
6 0
1 3
0 4
7 0
4 3
5 3
8 7
7 5
2 1
8 1
3 5
5 7
5 5
0 5
0 7
6 2
8 2
4 0
2 5
5 8
0 8
1 6
0 0
1 5
3 0
7 2
5 4
8 3
3 7
3 1
6 4
6 3
2 3
8 5
2 4
3 6
4 2
3 3
1 1
4 5
8 0
2 0
4 6
8 4
5 1
7 3
6 5
6 8
1 4
1 7
2 2
4 4
97
3878 -3222
9419 -6043
-4367 577
3660 8627
1108 -1960
-6924 3366
4556 -7220
-3277 1143
-2714 8144
-5882 3502
6057 3124
-7571 -9189
3412 4114
-1255 -372
-4456 -8120
-5536 -3868
2378 -8201
5558 -553
-2752 -1999
7008 2879
-9944 9905
7982 -8816
2346 -3628
2572 436
-2472 -4996
-8267 4451
-7801 3733
2975 5509
-1528 -7169
-9462 8830
6498 -1066
-8000 -852
8256 -2851
-1952 9765
8367 -8570
-7103 -8894
-6448 1729
8340 4014
175 6617
-887 -5311
281 -237
5905 -36
1362 3072
1431 -6804
-7626 6496
-5100 7258
-9292 -6800
4238 1971
4534 -2023
-1928 22
-9500 2769
-4785 3292
2563 -6514
33 -8475
1838 -69
4569 -8181
9371 3905
-9915 -1871
-428 2072
4547 6929
-8551 -4820
3687 -1649
-9630 4895
6198 459
-4426 3493
3561 744
-6298 -9954
7262 -9481
6585 -1009
-2595 -3118
4476 -5451
4215 950
-973 -712
605 -1188
-7342 3505
-2081 -522
2152 -3268
-8372 -435
5431 -3421
-7745 -7693
7107 -3523
-1423 -4832
4555 -2930
8885 842
1250 8943
-8751 -8083
5077 1468
1976 6775
-9669 -9233
-9246 4334
-3248 -9260
-8995 6540
4160 -65
-2084 -1228
4316 -9056
793 6403
-7597 1814
29
106 -129
224 -109
100 -136
89 -154
107 -128
80 -205
162 -293
127 -280
249 -264
105 -262
84 -167
127 -112
94 -247
238 -274
229 -280
207 -102
250 -129
84 -225
170 -294
94 -145
187 -294
229 -112
90 -152
110 -267
271 -228
91 -242
149 -102
132 -283
272 -167
45
-5 90
35 38
-15 90
6 -30
-37 -54
-39 83
-73 -12
26 -80
-4 -32
12 -28
-6 90
68 9
2 -29
36 20
-2 -79
9 -81
43 -74
-63 -22
-34 18
48 31
8 -81
34 10
-37 14
-59 77
9 -25
-86 20
-31 87
-15 -74
9 77
-24 -68
-58 67
-3 -31
-70 41
-8 37
44 0
10 41
23 -12
45 56
17 -26
34 42
-52 -29
-26 88
20 41
6 88
4 -28
36
2653 -7265
1796 -1815
-4422 918
-49 -4466
-800 -81
1815 -1705
10 -4422
-37 -4502
1832 -1831
2771 -7240
1790 -1769
1730 -1776
-988 92
2742 -7138
-4596 995
-804 81
-4562 989
-1000 -16
2762 -7286
-75 -4417
0 -4535
1854 -1849
-936 -100
-819 -41
4494 4431
4443 4452
4526 4469
-4508 869
2698 -7149
2661 -7228
-4550 805
-4492 929
4580 4541
4475 4554
4413 4477
-98 -4459
28
1 2
3 4
1 6
0 0
2 1
0 5
3 6
2 5
0 6
3 3
3 0
1 4
1 0
3 2
2 4
1 3
2 6
2 2
0 1
1 5
3 1
0 3
0 4
0 2
1 1
3 5
2 3
2 0
100
-17 -66
159 -137
-13 -62
-9 -96
157 -139
77 27
4 104
5 48
34 -59
1 101
-128 94
138 -40
11 31
-126 -83
-7 -39
10 -45
139 -39
14 -3
155 -19
152 -144
40 16
-7 67
-161 67
-52 -87
-162 -54
147 6
159 76
2 -38
-109 101
173 -117
46 127
-23 3
141 101
-113 -88
-156 73
-151 78
29 121
19 -143
162 -5
-150 79
63 -66
123 -162
139 103
-109 -89
164 -131
-14 -63
117 -55
3 -39
77 -169
-173 -36
-27 41
79 -66
153 -143
13 -10
-1 -25
2 102
70 26
-135 -78
-92 104
-177 38
182 -50
147 -148
-63 102
-155 -62
65 25
5 -41
111 -166
-105 -90
94 -169
-178 -23
25 119
39 -61
95 27
-16 77
20 116
107 -167
128 -160
-1 -35
96 -63
132 109
55 129
-68 -91
122 -52
146 -149
115 120
173 -25
184 -80
166 7
115 -56
100 -62
95 -169
63 130
62 130
25 -55
-24 7
-6 -54
25 6
42 126
-22 64
148 93
5
-290 108
508 1278
-772 103
-929 424
-482 270
77
7191 -6263
6382 -4463
-4419 2605
-1766 6309
7214 -6324
-4454 7200
-4523 2748
6242 -4445
-4598 8033
7137 -6314
-1725 6378
-1839 6259
-4578 2798
-4530 2656
6334 -4461
-4443 7229
-4506 2736
-4517 2732
-4447 7193
-4453 2652
-4523 2623
-4587 7161
-4418 7194
-4520 2734
-1814 6295
-1732 6253
-1823 6342
-4518 2653
6394 -4436
7278 -6216
-4447 8068
-4472 8033
-4567 2780
-4488 8037
7203 -6370
-4539 7127
6313 -4541
7292 -6295
-4438 8053
-4458 7106
-4460 7229
6388 -4485
7234 -6301
6338 -4402
7157 -6262
-4478 7136
-4534 8195
-4524 7175
-4520 8093
-4533 2791
7137 -6320
-4553 8021
7185 -6340
-4566 2616
-4573 2622
-4561 8064
6358 -4458
-4439 8057
-4408 2618
6300 -4430
7154 -6312
6234 -4485
-1823 6324
6343 -4554
-4578 2617
-4470 2725
-1851 6247
-1735 6317
-4590 8088
-4439 2684
-4407 2767
-1765 6362
-4520 2601
-4540 2690
-1864 6231
-4441 7276
-4414 2715
7
0 2
0 4
0 6
0 3
0 1
0 0
0 5
27
-9389 -5526
-4258 8984
10000 -745
7498 -8343
-641 -10000
-1429 -10000
-10000 -1467
3318 -10000
1393 10000
-10000 -3168
108 -10000
-7513 5729
-10000 -129
5005 8621
-10000 657
9730 3896
-10000 -3258
6824 6802
10000 -3209
-4498 -10000
10000 -2802
-5983 7259
-9993 3249
2710 -10000
-1707 10000
-5998 -8917
10000 2293
36
-2770 869
-2649 -2659
-2771 993
-2611 -2785
-2663 -2625
-2670 -2721
-2612 990
-2796 883
-2796 -2777
8055 -1898
-2607 941
8108 -1845
8033 -1781
8143 -1725
-2769 -2761
-2752 -2725
-2725 -2712
8043 -1891
-2617 852
-2732 863
8128 -1804
-2742 -2713
-2601 849
-2780 935
-2769 956
-2692 -2605
8186 -1715
-2670 -2724
-2792 -2771
8113 -1805
8182 -1776
-2735 975
8104 -1770
8144 -1814
-2671 830
8084 -1838
23
-51 -18
67 -18
-32 66
16 -44
-4 -94
-47 -7
68 -46
-28 55
35 41
-10 -54
44 19
-35 -10
-40 29
-10 68
32 -31
-70 36
58 -31
39 -20
16 78
36 76
-4 -53
36 -42
79 33
5
-14 -25
24 -38
-13 -11
37 27
-33 -22
8
232 -203
-954 735
196 751
816 -825
-937 1202
-1200 -574
820 -70
1192 -1104
4
-1897 -2409
-1272 139
697 -258
-1970 2180
5
-8 3
-3 1
-1 -8
-4 2
-10 7
13
91 -62
96 1
99 -7
27 -48
68 -83
-5 -62
-98 19
24 -25
27 -6
-19 -68
8 32
-18 49
56 -88
89
188 78
193 74
160 37
187 78
157 40
162 78
171 81
161 77
185 79
152 48
196 70
180 33
153 68
151 50
189 77
178 81
165 79
170 81
155 72
193 40
167 80
192 75
172 81
198 48
190 37
183 80
156 73
194 73
181 33
181 81
190 77
187 36
176 81
196 44
154 44
186 35
153 46
164 35
199 50
199 64
179 81
169 81
162 36
159 38
194 41
197 46
191 38
176 33
169 33
154 70
168 33
170 33
167 34
159 76
191 76
158 39
168 81
177 81
184 34
157 74
173 33
174 81
150 57
158 75
151 64
182 81
163 36
177 33
163 78
171 33
179 33
164 79
188 36
180 81
200 57
166 34
189 37
173 81
186 79
185 35
172 33
183 34
195 72
198 66
160 77
155 42
156 41
184 80
192 39
36
-9447 -8748
198 9214
9170 -6736
7806 -6939
-7535 -1
8568 366
2079 -1491
4484 1750
-3174 -3870
-6575 -849
840 4927
-60 -6215
-1422 5370
-3477 7371
6667 568
1494 -6418
5714 -2918
-148 6148
5762 7529
-2488 -5049
-7986 -1451
-3704 -8125
884 2482
-5303 -8873
1874 -4089
-1993 9392
-734 -2489
5933 -1702
-245 -4284
8971 3555
3738 -7122
5083 698
-5013 -3023
-363 1866
7582 6776
10 -7580
30
3 5
3 0
4 2
2 5
3 1
4 0
2 1
2 0
1 2
4 3
0 2
0 4
4 1
1 5
1 1
0 1
0 3
2 4
0 5
1 4
3 2
1 0
4 5
2 3
4 4
1 3
3 4
3 3
2 2
0 0
15
8939 -8173
-618 9681
901 -6470
-5053 4010
1618 -7072
-2124 4126
-8720 -5189
-9276 6556
-6448 -1907
3315 9942
-375 6271
8561 -900
2332 2443
-4502 5382
6525 8448
35
3 5
0 2
2 0
4 1
2 3
2 1
4 5
3 6
0 6
1 6
2 2
4 2
0 4
0 5
1 4
1 2
3 3
0 1
4 6
0 3
3 4
4 3
1 0
2 6
3 1
3 0
4 4
2 4
1 5
1 3
1 1
4 0
2 5
3 2
0 0
49
0 5
3 2
3 1
2 1
2 6
1 1
2 2
6 5
1 0
3 0
3 4
4 2
0 1
0 0
2 3
0 6
5 1
6 2
4 4
0 4
4 6
5 2
2 0
6 0
5 6
1 5
0 2
3 3
5 5
2 5
3 5
1 3
3 6
6 4
4 3
0 3
6 6
5 3
5 0
4 5
2 4
1 2
4 0
1 4
6 1
5 4
4 1
1 6
6 3
8
-1362 -2030
-2296 -121
-2416 228
83 1396
1301 1300
292 -2511
546 -426
325 -660
5
-313 102
-123 -209
19 156
36 298
-102 320
38
-30 -10000
-10000 4303
10000 -6196
-5456 10000
-6663 -9835
-1263 10000
10000 663
8754 8137
5169 -10000
-10000 3573
-165 10000
4630 -10000
10000 -1090
-7991 -8507
-10000 -4612
-10000 -4002
9918 6973
3118 -10000
-10000 -6462
10000 -3757
961 10000
-10000 -3612
205 10000
-10000 -1342
-10000 4986
-2595 -10000
-10000 -4303
-5189 -10000
-3731 10000
10000 -4056
-5774 -10000
1438 -10000
2949 -10000
10000 3763
4037 10000
1609 -10000
2042 -10000
-3397 10000
18
187 177
204 142
165 171
164 136
173 130
195 132
204 164
188 177
161 166
159 162
197 173
188 129
160 142
176 129
162 168
198 172
164 170
202 138
32
1782 -2673
6217 -7121
6285 -7120
8943 -8123
-5364 903
3643 7174
6255 -7200
9045 -8106
3667 7271
9038 -8135
-1735 -6362
1766 -2736
6270 8025
2640 72
-1777 -6214
2692 58
-5320 939
2733 -18
8901 -8052
-5500 871
6329 8085
3638 7298
-1899 -6395
1879 -2742
2634 86
1847 -2739
3574 7259
-1879 -6267
6334 8058
6207 -7177
-5464 929
6374 8005
11
17 2
-13 -2
-17 -13
16 -12
-2 17
2 -3
12 8
1 13
-6 -18
-5 -4
-12 14
24
0 3
2 0
1 2
0 4
0 2
1 6
2 6
1 4
2 2
0 5
2 4
0 0
1 3
0 7
1 7
1 0
2 5
0 1
2 7
2 3
0 6
1 1
1 5
2 1
64
3 3
6 0
4 2
1 1
1 4
4 7
2 6
3 5
2 5
4 3
0 1
1 5
2 4
6 2
0 5
5 1
0 6
0 7
4 6
7 5
3 6
5 0
7 3
3 2
5 4
2 3
3 4
4 1
0 0
7 6
1 7
2 0
4 4
5 6
6 3
5 5
7 4
7 2
4 0
7 1
6 1
1 0
3 7
6 6
4 5
1 3
6 4
2 7
1 2
7 0
3 1
5 3
5 7
0 4
3 0
2 2
5 2
7 7
2 1
0 3
6 5
0 2
1 6
6 7
4
-134 131
-26 -70
-61 148
160 -82
83
-27 -9
17 -22
12 -19
18 -21
11 -25
-17 -9
-19 -20
-13 -23
-19 -15
-12 -22
-20 9
13 -24
-12 -17
-28 -7
-25 -13
16 -22
31 0
-18 13
3 -24
-19 11
24 17
-22 -17
-13 18
-3 22
1 24
3 24
-17 21
22 -19
-19 20
21 -20
-7 -21
11 21
-12 -23
-15 13
25 -11
-3 -23
-4 -26
-11 -18
7 22
-22 17
1 -24
-13 -16
4 23
10 -25
-21 7
14 23
-9 20
15 23
12 19
2 -24
0 24
-8 20
10 20
21 0
-1 -24
16 15
-10 -19
-26 11
-17 -21
26 -15
20 20
-16 15
11 20
23 -18
-17 9
-10 24
13 18
-21 18
0 -24
-11 -23
-9 24
-16 11
21 14
-15 22
9 -26
-12 17
23 11
24 -17
-10 -24
-14 17
29 -9
-11 24
-15 -13
20
2 0
0 3
1 2
2 4
3 3
3 0
0 2
2 3
0 4
3 4
2 1
2 2
0 1
1 1
1 0
1 3
3 2
0 0
1 4
3 1
35
-425 802
-1332 -802
-684 -1176
-159 1441
-1298 -1073
476 -928
-1023 -508
-1042 -512
-626 838
-159 941
828 -480
478 -798
1241 -963
-668 -624
472 -889
-854 -514
-986 -1281
-572 -802
-530 1575
478 -940
-574 -794
526 -1068
943 -487
-759 941
-1305 -725
-106 1358
695 -516
-599 -725
-202 897
-606 -1073
-540 809
-75 1120
-1310 -1048
1246 -940
1242 -959
8
-152 243
-282 -98
-117 156
314 295
40 -7
-278 219
-193 298
65 -70
8
-31 1
-22 -38
-17 -34
29 16
18 14
-22 36
-33 -25
30 22
4
540 -458
-374 218
-324 -579
-97 489
14
0 1
0 0
1 0
1 2
0 3
0 4
1 4
0 6
1 3
1 6
1 1
0 2
0 5
1 5
72
5 4
6 4
2 6
2 2
2 1
6 0
4 7
3 1
2 5
7 8
4 1
3 5
7 1
5 0
1 7
6 2
1 5
5 7
3 7
5 1
0 6
7 5
2 0
3 4
3 0
7 4
2 8
7 6
0 4
1 0
7 3
0 1
4 6
5 2
7 2
0 0
1 1
0 7
4 0
7 7
7 0
6 5
2 7
5 3
3 2
4 2
1 4
0 8
1 3
3 6
0 5
2 3
6 6
4 3
4 8
3 8
6 8
1 2
5 6
5 5
4 5
0 3
6 3
6 1
1 6
1 8
5 8
4 4
2 4
6 7
3 3
0 2
78
4474 3592
-4592 8083
-9032 914
-8957 888
-7233 930
-2800 3503
-4573 8087
5430 8979
-2676 3561
-7146 941
5496 9044
-7263 961
-4558 8139
-2614 3691
-7172 846
4511 3543
-9087 800
-4478 8035
5404 8932
5315 8965
-4585 8147
-9025 846
-9040 873
-8993 988
-9032 960
-7162 800
5417 8993
-2764 3545
-7130 876
-4437 8065
-9065 889
5312 9059
-2742 3667
4417 3658
-4582 8068
5424 8983
-4446 8158
-7239 901
-2787 3528
4497 3686
-2674 3516
-4430 8106
-7184 842
-4520 8123
4513 3576
-8950 857
4494 3504
4472 3608
5400 8958
4458 3587
-8934 910
5319 9007
-2666 3510
-2697 3512
-2697 3580
-2658 3698
5314 8944
-8933 805
4590 3694
-4544 8053
4519 3655
-7120 911
5300 9088
-9095 859
-7114 905
5322 8961
-7117 942
-2705 3603
-2704 3651
-9026 802
5499 9039
-4502 8162
4517 3537
4443 3525
-7162 806
-7184 918
4514 3561
-4435 8085
63
3 1
3 8
4 4
0 4
6 0
5 1
4 1
6 5
1 8
2 5
6 3
1 4
2 3
5 4
5 5
0 6
6 1
6 6
5 3
3 0
1 5
0 0
1 1
1 2
4 5
2 4
0 5
5 8
0 1
6 2
3 7
5 6
4 8
2 2
3 4
3 2
4 0
2 0
1 7
2 1
6 4
0 2
2 8
4 2
3 3
0 3
4 3
3 5
1 6
5 7
6 8
2 7
5 0
1 3
2 6
5 2
1 0
0 7
3 6
4 6
4 7
0 8
6 7
8
0 7
0 1
0 3
0 0
0 5
0 4
0 2
0 6
100
10000 2034
7964 -7320
-10000 58
10000 1354
7657 9093
4878 -10000
-1061 10000
5624 -9660
10000 1288
10000 1408
7082 -8202
10000 -3647
10000 6312
6635 -8649
-10000 1743
-4187 -9655
-10000 -3657
10000 -1007
10000 -52
10000 -3798
-10000 2214
-9025 4136
-10000 -2904
2597 -10000
-5236 7925
-1433 -10000
10000 2176
-2981 -10000
-1106 -10000
-6432 -7410
-22 -10000
9585 7165
10000 4381
1513 10000
-6082 -7760
-9503 3658
284 -10000
-10000 2498
-6208 6953
-9035 -4807
1133 10000
4827 10000
-10000 -2560
-1124 -10000
5497 10000
6556 10000
-9860 3301
-10000 -152
7208 9542
-10000 2305
10000 1605
-7551 5610
-3719 9442
10000 5451
10000 3481
-10000 -1653
10000 1285
-10000 1038
2166 10000
8204 -7080
-3014 -10000
-9404 -4438
2119 -10000
10000 2747
-1467 -10000
6855 -8429
10000 -364
9907 -5377
10000 -1367
971 10000
7763 8987
-6589 6572
-222 -10000
-888 -10000
8047 8703
-6661 6500
-6364 6797
7419 -7865
10000 0
-4840 -9002
-4290 8871
-10000 -39
-1587 10000
6315 -8969
-10000 1071
-7014 6147
10000 -312
7744 -7540
-850 10000
-10000 -657
7083 9667
-6802 6359
6515 10000
-7582 5579
-7378 -6464
10000 4566
-3694 9467
1778 10000
10000 -1273
-10000 -891
31
-24 -39
23 40
-49 59
-56 -7
62 -7
-47 77
16 -26
26 8
-33 -34
-59 1
-42 -87
-99 29
-56 47
18 49
-76 64
-26 -38
66 36
-100 24
28 -40
65 1
63 -5
55 -19
-58 -82
14 84
-14 -48
-37 -31
59 -13
32 -7
61 49
24 38
9 -74
80
8041 5413
8030 5459
6254 -5407
6328 -5456
-4571 59
-7209 -5343
-4447 -87
8160 5303
-4533 55
-7255 -5422
-7176 -5421
52 -8043
-7277 -5455
-7101 -5355
8164 5398
6331 -5388
89 -8084
54 -8093
8200 5377
98 -8082
-7159 -5335
8104 5373
6358 -5354
6324 -5307
-4585 -85
64 -8003
-92 -8058
6263 -5457
-7239 -5357
6398 -5386
-62 -8045
-7142 -5401
6347 -5399
6349 -5361
6274 -5395
8019 5447
6251 -5337
-4600 57
-4566 75
6370 -5476
-4512 -52
29 -8017
39 -8044
-4442 95
8088 5402
-7245 -5403
-88 -8068
8006 5362
-4473 -24
75 -8024
-7198 -5402
8054 5357
-4458 -66
6300 -5379
-4455 -6
8156 5355
-7100 -5365
8197 5429
-4422 -90
68 -8186
21 -8082
8098 5409
-7212 -5446
-4538 -8
8072 5458
-26 -8094
-7290 -5404
-7122 -5413
6292 -5316
-4451 -97
-4481 87
-7285 -5317
-7299 -5308
8018 5500
6305 -5384
-4510 -42
8014 5406
13 -8042
6384 -5394
-85 -8131
100
-137 -219
-163 -189
-92 -228
-94 -100
-161 -135
-40 -148
-87 -227
-47 -131
-48 -130
-41 -183
-41 -145
-156 -127
-112 -100
-165 -183
-52 -124
-127 -104
-164 -186
-49 -128
-53 -205
-155 -203
-64 -216
-45 -193
-167 -175
-154 -204
-136 -220
-161 -193
-128 -224
-165 -145
-88 -101
-79 -224
-132 -106
-139 -218
-94 -228
-70 -220
-78 -224
-62 -114
-45 -135
-46 -133
-137 -109
-51 -125
-142 -216
-127 -224
-155 -125
-63 -215
-118 -227
-166 -148
-76 -105
-153 -123
-78 -104
-39 -153
-159 -131
-144 -114
-81 -225
-69 -219
-81 -103
-53 -123
-162 -137
-43 -189
-142 -112
-67 -110
-167 -153
-122 -226
-63 -113
-66 -217
-154 -124
-50 -201
-128 -104
-38 -164
-76 -223
-125 -103
-74 -106
-134 -221
-50 -127
-44 -137
-140 -217
-119 -227
-87 -101
-72 -107
-112 -228
-157 -128
-66 -111
-92 -100
-79 -104
-157 -200
-88 -227
-70 -108
-114 -100
-163 -139
-93 -228
-49 -200
-136 -108
-118 -101
-46 -195
-143 -113
-159 -197
-69 -109
-122 -102
-39 -175
-132 -222
-114 -228
100
-76 -203
-79 -200
-101 -189
-174 -226
-64 -218
-78 -201
-60 -226
-56 -254
-114 -187
-136 -306
-128 -188
-132 -189
-119 -309
-66 -214
-59 -267
-164 -287
-178 -254
-133 -307
-57 -260
-105 -308
-175 -229
-167 -283
-106 -308
-57 -236
-146 -194
-149 -300
-111 -309
-87 -301
-102 -189
-162 -207
-129 -308
-76 -293
-106 -188
-156 -201
-71 -208
-175 -267
-77 -294
-129 -188
-93 -304
-90 -193
-102 -307
-132 -307
-178 -242
-155 -296
-139 -191
-144 -303
-123 -187
-164 -209
-171 -277
-158 -293
-123 -309
-147 -195
-120 -187
-172 -275
-69 -286
-163 -288
-70 -287
-176 -232
-77 -202
-155 -200
-122 -309
-141 -304
-144 -193
-95 -305
-151 -299
-139 -305
-122 -187
-170 -278
-118 -187
-173 -224
-116 -309
-63 -219
-98 -190
-58 -264
-88 -302
-67 -213
-169 -216
-156 -295
-67 -283
-158 -203
-165 -286
-87 -195
-65 -216
-105 -188
-101 -307
-98 -306
-62 -275
-168 -214
-169 -280
-116 -187
-170 -218
-168 -282
-171 -219
-121 -187
-120 -309
-128 -308
-177 -236
-113 -187
-149 -196
-88 -194
5
-14 -91
-72 87
-61 100
37 78
-48 80
6
0 2
0 5
0 3
0 0
0 4
0 1
17
-715 715
-891 857
-897 864
1252 -312
1215 239
-987 1094
1185 -236
-1198 783
1553 370
-985 1070
1173 -217
-499 736
-619 537
-1283 715
-979 1033
-668 1498
-213 1185
100
11 -10000
9923 -3559
285 -10000
4500 10000
-5160 10000
-6214 -8849
-3272 -10000
-510 10000
-3771 -10000
6436 -7046
8254 -5228
7294 8051
4062 -9420
8553 6792
10000 5300
6240 -7242
-10000 -1588
6733 -6749
10000 -2749
7017 -6465
8007 -5475
9937 5408
-2084 -10000
-9931 5900
-8858 6973
10000 4529
-10000 -2869
-791 10000
-8928 6903
4202 -9280
2730 -10000
10000 -672
4271 -9211
1645 -10000
-1971 -10000
-3670 10000
8514 -4968
4336 10000
-8427 7404
-10000 -3686
3039 10000
-10000 2472
10000 -332
671 10000
6358 -7124
-5993 9838
-7655 -7408
10000 1813
5821 -7661
-8555 7276
-5135 -9928
-5443 10000
10000 -2476
10000 958
10000 -256
-10000 -4969
10000 -2785
-3843 -10000
2520 10000
1973 -10000
5383 9962
-5415 -9648
-8889 6942
-8247 7584
10000 -1223
-10000 986
-10000 -4099
10000 2181
-10000 3655
10000 -3239
5574 9771
-510 -10000
-10000 4231
-6256 9575
-10000 -2199
-10000 1848
-7297 8534
10000 1500
7412 -6070
10000 -95
10000 4532
10000 4140
-7422 8409
1615 10000
-10000 1670
-10000 -3166
-90 10000
-10000 5164
-10000 4177
2665 -10000
-7722 -7341
-10000 4959
-9260 -5803
-10000 -728
3973 -9509
9691 -3791
10000 -2989
-10000 4539
-887 -10000
-4621 -10000
44
-12 -21
0 20
11 -28
-7 -27
8 25
11 19
-14 19
-14 12
-5 -26
-15 -21
12 24
20 19
-14 11
-1 19
30 -11
23 -21
21 13
-6 24
-13 12
15 17
23 -22
-15 11
26 -19
0 -28
27 4
-3 25
-12 -24
22 12
-7 17
24 -12
13 -28
-10 22
-1 -28
21 -23
9 19
-20 10
13 18
-5 -28
-19 4
-2 19
-20 -12
10 25
26 11
-19 -10
35
-2719 -4512
5442 6235
1 -46
4564 8159
13 -34
2754 -4464
5413 6262
8039 3592
5 53
5434 6344
71 68
2673 -4534
2746 -4585
-11 44
4432 8088
2662 -4479
-2746 -4464
5476 6318
4478 8140
5372 6304
5315 6367
8080 3551
2792 -4535
-2648 -4592
5391 6298
4598 8133
8086 3630
8059 3596
8005 3529
5353 6254
5379 6366
5416 6382
-2705 -4574
4402 8149
-2665 -4581
48
0 0
2 7
2 6
1 1
2 2
5 5
0 5
2 5
0 1
2 4
4 5
3 3
2 0
5 4
1 4
5 6
4 0
3 1
3 4
3 2
1 3
1 6
0 6
0 7
3 5
1 0
3 6
5 1
4 4
4 7
1 7
5 3
0 4
5 0
4 6
3 7
4 3
0 3
1 5
1 2
2 1
4 1
3 0
5 7
0 2
5 2
4 2
2 3
100
30 -19
-16 16
-32 54
61 -79
-27 -66
62 16
4 87
26 30
81 -12
35 -91
-12 -81
61 -1
-14 -66
29 -92
28 30
7 -90
58 58
-28 -65
4 -58
-32 -22
19 -92
-11 -82
-49 -65
84 -37
-37 -19
-55 32
20 28
-26 -26
2 87
-84 -36
-82 25
-84 22
40 77
-89 9
5 -57
-57 -62
56 -9
-31 -68
-13 -32
53 -13
70 -70
-44 -9
-52 45
-52 7
-34 -9
12 -35
71 -69
27 30
75 1
-36 -15
-24 -70
25 -92
-24 -68
-29 76
2 -59
65 10
31 -1
9 -35
57 -8
-32 -68
-6 86
-32 74
-80 -42
-15 -79
22 30
2 45
-8 -64
24 30
4 44
-21 81
-35 -68
-46 -66
33 81
29 9
-25 -69
-29 1
9 -54
5 87
78 -4
80 -9
-27 4
-31 54
1 -35
41 76
-1 -61
28 83
29 30
-23 -28
-6 -34
-36 54
8 87
57 60
25 30
7 87
-15 17
82 -15
58 19
-88 -26
-81 -41
66 38
24
1 5
2 2
3 1
2 3
3 4
1 2
1 4
0 1
2 5
2 1
0 0
0 4
2 4
1 3
3 3
1 0
0 2
2 0
3 2
0 3
0 5
3 0
1 1
3 5
100
210 -1220
636 -574
1351 -1353
920 -1646
1053 -1641
1359 -1311
933 -1275
693 -1315
768 -834
535 -1226
1139 -981
1229 -965
761 -787
921 -1281
122 -1162
1356 -1330
805 -906
878 -1638
583 -577
399 -478
703 -650
762 -792
737 -712
846 -550
21 -1024
952 -1649
693 -543
773 -923
359 -478
455 -485
678 -1516
198 -1214
431 -481
585 -1207
368 -858
413 -479
1222 -1559
21 -712
1131 -835
1330 -1415
399 -1096
732 -1319
345 -479
534 -1253
891 -877
1130 -1027
1318 -1440
212 -1221
85 -611
372 -1019
1153 -913
335 -480
811 -1315
1289 -1031
1104 -1098
502 -629
406 -748
1139 -1612
772 -1319
626 -1440
1141 -1611
85 -1125
1105 -762
696 -1096
151 -551
-5 -797
766 -816
1361 -1293
655 -1487
1171 -923
-7 -927
823 -545
589 -1183
1020 -645
1351 -1165
655 -1031
1140 -885
805 -1612
571 -583
758 -774
-3 -949
1006 -870
1362 -1279
1088 -730
704 -1543
882 -879
560 -522
619 -1426
590 -1178
95 -1136
1132 -839
592 -1349
811 -543
754 -935
372 -839
592 -1169
703 -1086
428 -711
676 -546
-8 -920
100
-160 -219
-276 -63
-188 -61
-205 -245
-198 -243
-245 -247
-164 -223
-157 -84
-214 -53
-325 -125
-173 -70
-137 -118
-205 -55
-176 -232
-312 -96
-272 -239
-142 -106
-314 -201
-299 -220
-184 -63
-159 -218
-143 -196
-215 -53
-133 -134
-158 -217
-136 -121
-152 -210
-267 -59
-186 -62
-299 -80
-224 -52
-238 -248
-303 -216
-169 -227
-287 -230
-307 -211
-146 -201
-161 -220
-139 -187
-164 -77
-307 -89
-310 -207
-317 -104
-169 -73
-193 -59
-281 -66
-176 -68
-142 -194
-239 -52
-276 -237
-312 -204
-136 -179
-150 -207
-308 -210
-133 -166
-137 -182
-323 -118
-223 -248
-259 -56
-272 -61
-325 -175
-221 -52
-262 -243
-141 -192
-222 -248
-328 -141
-237 -52
-215 -247
-246 -247
-158 -83
-236 -248
-148 -204
-160 -81
-298 -79
-132 -159
-317 -196
-327 -166
-148 -96
-237 -248
-323 -182
-324 -179
-209 -246
-302 -217
-224 -248
-290 -228
-328 -159
-274 -238
-326 -171
-135 -125
-188 -239
-132 -141
-297 -222
-267 -241
-153 -211
-274 -62
-287 -70
-170 -72
-209 -54
-236 -52
-150 -93
11
8 4
10 -5
-10 -7
5 1
8 9
-5 -5
5 -7
-4 6
9 1
-10 7
-6 -5
11
-109 -208
58 -267
97 133
-145 -208
315 210
-36 238
277 -134
313 -189
-117 104
4 -142
-47 -118
23
118 -666
201 58
378 -132
-61 94
-359 -194
-369 -254
270 12
-237 6
-198 36
-366 -229
408 -332
-370 -268
91 96
-70 -668
409 -322
304 -20
79 -674
-179 48
410 -308
314 -31
-369 -322
-14 -677
-24 -676
78
-3560 960
-999 -7214
-3594 998
-999 -7275
-850 -7118
-3546 827
-3693 981
-931 -7249
-3671 967
-1712 9063
-849 -7176
-1753 9082
-943 -7117
-988 -7175
-1830 9078
-820 -7173
-832 -7288
-812 -7239
-3625 875
-1750 8903
-844 -7106
-842 -7249
-1828 8911
-3541 847
-984 -7300
-812 -7249
-3583 982
-1759 9016
-3681 805
-1746 9017
-1740 8901
-3515 931
-1772 9039
-843 -7285
-851 -7143
-3678 913
-1876 8967
-1801 8987
-1894 8974
-3573 841
-936 -7273
-986 -7257
-1786 9075
-3693 989
-1848 9081
-3678 980
-1714 9075
-1838 8906
-3513 814
-920 -7296
-3697 820
-1828 9079
-1733 8971
-1770 8910
-828 -7155
-3570 964
-1762 9074
-3632 974
-3555 848
-1839 9067
-841 -7135
-3653 918
-911 -7156
-3643 801
-3587 846
-1797 8925
-853 -7136
-3507 846
-814 -7237
-974 -7197
-1852 9037
-1753 8953
-3588 925
-1787 9036
-3621 812
-1872 8963
-834 -7206
-3569 894
98
10000 -2178
8255 -4920
-10000 339
10000 1408
-10000 5499
6887 6988
-10000 -2779
7201 -5974
-5548 10000
2190 -10000
5417 8458
-10000 375
284 -10000
-10000 2816
-10000 3238
695 -10000
-6640 -9481
-2923 10000
5200 8675
4784 9091
-5203 10000
-4138 -10000
-1774 -10000
-10000 -169
8091 5784
-283 10000
-10000 4593
-10000 -1866
700 -10000
1489 10000
10000 -3028
-2756 10000
4064 -9111
-10000 4110
9060 4815
-6980 -9141
-10000 636
7547 6328
-3659 -10000
-10000 5002
-10000 -5764
7272 6603
-2417 10000
10000 2240
9201 -3974
-10000 -2338
7589 6286
8970 4905
-6827 -9294
3536 10000
-348 10000
1947 -10000
10000 2242
-10000 3684
-10000 -4827
-10000 121
10000 3089
-7897 -8224
-5526 10000
7898 5977
-10000 3870
-10000 3016
-8847 7302
-10000 -5820
10000 753
-1700 10000
-6805 -9316
-10000 -2918
10000 1902
-2112 10000
-6969 -9152
4058 -9117
-5013 10000
-7685 -8436
2346 -10000
7289 -5886
-10000 3533
10000 2510
5157 8718
-10000 -1410
10000 3293
10000 1610
9552 -3623
10000 -911
-980 10000
-10000 5493
-10000 -461
-10000 -2063
-1668 10000
-472 -10000
10000 3090
-7512 -8609
5396 8479
-151 -10000
2550 -10000
10000 -1057
-10000 -157
-10000 -3184
74
-112 469
-143 -297
-245 423
-310 -211
175 400
-431 -15
264 -145
45 461
241 340
-222 -269
-411 -73
-245 -257
-439 142
-151 461
165 407
197 -217
-9 471
45 -295
-97 -305
334 31
-220 -270
-443 63
-1 470
18 467
-105 -304
-209 -275
-129 466
-310 377
335 39
-34 473
-406 -84
-399 264
231 -185
-87 472
-353 -167
326 177
287 -109
-72 473
305 -73
327 173
-406 250
-271 407
-34 -307
204 377
139 -257
-432 -11
-442 117
241 -174
-441 39
-436 7
325 -15
103 441
330 7
-347 340
114 436
-389 282
-353 333
-1 -304
-112 -303
-134 465
-436 159
-370 -145
231 351
-293 391
-377 -135
-124 467
299 252
336 49
-435 2
271 301
28 465
6 469
299 -86
-347 -174
71
237 90
197 114
72 -1
239 88
212 -68
193 115
70 11
212 108
193 -75
184 -77
99 -50
91 -41
263 45
246 -40
205 111
91 81
90 80
160 118
255 -26
159 118
107 -57
219 -64
79 62
252 -31
98 -49
264 41
205 -71
236 91
126 109
131 -71
98 89
88 -37
245 81
228 98
77 -17
108 98
75 -12
99 90
74 49
96 -47
210 109
175 118
152 -77
159 -78
245 -41
259 -17
261 52
70 29
101 -52
189 116
177 118
240 -47
235 92
139 -74
219 104
136 -73
124 -68
74 -9
259 57
210 -69
257 62
88 77
175 -78
139 114
189 -76
197 -74
200 -73
241 86
161 118
214 107
263 -5
42
0 0
3 4
2 1
1 0
1 2
3 3
4 2
4 0
1 4
4 6
2 0
2 6
3 0
3 6
4 1
5 6
1 6
1 3
2 3
0 4
5 2
0 2
0 5
2 4
5 5
3 5
1 5
5 0
0 6
3 1
4 5
5 3
4 3
0 3
2 2
5 1
2 5
5 4
1 1
4 4
3 2
0 1
33
169 -19
154 -32
163 -27
127 7
134 13
153 16
141 -32
169 3
126 5
160 13
171 -1
141 16
138 -31
166 -24
160 -29
154 16
140 16
136 14
163 11
126 -21
158 -30
140 -32
165 9
125 -19
153 -32
130 -26
166 8
124 -17
158 14
162 12
138 15
165 -25
168 5
8
0 -15
-2 14
4 -5
-5 -11
-3 13
14 -13
-4 -1
16 11
5
-2358 -1638
-820 -1252
537 -180
1302 1907
972 1134
25
1 2
3 3
0 2
1 3
0 0
4 0
1 1
2 3
1 4
2 4
4 1
2 2
0 3
4 2
2 0
4 3
4 4
3 0
0 4
2 1
3 4
3 2
0 1
1 0
3 1
7
51 -41
54 43
35 42
-40 -33
26 -4
-24 -49
1 61
45
3 2
4 7
4 4
2 4
4 3
2 2
0 7
1 4
1 0
2 8
3 0
3 5
4 2
1 7
1 3
3 7
4 5
0 0
1 2
2 7
3 6
4 6
0 4
3 1
1 6
0 3
1 1
2 3
4 1
1 5
0 5
0 6
2 0
0 1
3 8
1 8
2 5
0 8
2 1
3 4
4 0
0 2
3 3
4 8
2 6
80
-3513 1727
4533 -3500
2621 -4566
4537 -3516
-3628 1784
-3614 1832
-3579 1806
2643 -4541
4520 -3598
-3603 1860
4581 -3624
2710 4448
4492 -3662
2734 4461
-3561 1896
-3519 1831
4523 -3670
2658 -4541
-3695 1718
-3666 1774
2697 -4496
4416 -3622
2727 -4521
2724 -4437
2703 4444
-3643 1844
4469 -3585
2721 4404
-3695 1747
4527 -3572
4409 -3649
2668 4511
2694 -4416
2611 -4447
4400 -3658
2648 -4533
2663 4460
4544 -3503
2745 -4594
2705 4478
-3511 1723
4428 -3633
-3538 1749
-3628 1834
2709 4493
2673 4401
2706 -4552
2638 4474
2786 -4572
2693 4550
2740 -4526
2747 -4509
-3503 1855
2656 4496
4437 -3535
4447 -3688
2614 4419
2770 4594
4580 -3604
4404 -3648
2656 4505
4463 -3659
2733 4516
2673 4428
2743 4520
4547 -3551
2660 -4487
2769 -4465
-3562 1796
4477 -3623
-3513 1887
2638 -4425
2621 4540
2758 4509
2666 -4519
2661 -4532
-3653 1882
-3531 1723
-3614 1759
2786 -4491
11
7 -10
31 -18
-36 -6
15 9
31 11
-2 -9
-4 2
-5 33
-2 6
32 -26
31 35
100
25 15
12 20
-18 9
3 25
-9 -22
-17 -11
-22 7
-12 18
-5 25
-20 17
18 21
10 21
18 -15
-18 19
12 -20
6 -23
17 -21
-17 15
18 16
-12 -18
-7 25
-8 -21
7 24
16 18
-4 -26
-20 0
-23 5
8 -22
20 20
-17 11
-15 -15
30 0
6 25
-5 -26
25 -9
8 24
-1 24
25 5
19 -19
29 -7
26 -2
15 -22
20 -18
24 -16
-21 -14
14 -19
-6 -22
21 -17
23 8
-20 -15
-19 18
19 -14
5 -26
-24 -2
-3 23
22 -15
29 7
-16 -13
-14 -20
12 -24
-16 -19
-7 -23
5 25
10 -25
-22 -11
19 -20
-21 9
-14 16
16 -22
17 18
-12 19
-16 16
23 -6
-13 18
-25 8
20 14
-4 -23
1 -24
-14 -22
19 16
5 -23
22 10
-2 -24
14 -23
13 21
-17 20
19 15
-7 21
-16 21
-5 22
26 -13
-13 -22
-24 10
-19 -7
-3 22
23 -13
10 -21
-14 18
12 22
-19 13
52
-18 62
20 32
-91 25
36 95
21 94
-65 10
-82 41
-57 18
-12 -90
-94 -9
-5 -51
-75 -7
-2 30
81 -4
71 82
-89 -24
87 5
-77 -13
30 9
28 95
43 -35
43 -23
-56 -54
-29 64
-37 -58
20 -77
-6 31
-50 62
-12 -54
-1 -17
-95 -3
-15 72
-82 -35
26 -9
20 -26
39 -27
29 -68
-68 -48
-81 42
37 95
49 -25
-22 -90
-40 64
88 61
-37 64
-40 -86
16 -80
17 37
-15 -90
-45 -84
-30 64
88 7
5
429 467
-209 236
-133 -526
314 -134
426 550
81
-1131 940
778 408
-51 -1118
-1174 835
229 -978
-449 -630
-1900 1014
-451 -818
709 433
-1193 1262
-1123 1086
-1132 1132
1256 876
-1760 1334
315 -669
-1329 688
308 -634
-1890 944
-1123 982
-455 -799
-1888 1132
-1124 975
10 -1110
497 880
-1569 1420
-1562 647
0 -1112
626 486
-1889 940
-1210 1284
-457 -669
27 -350
-289 -1052
935 1172
-1131 1128
1200 1004
-459 -684
518 630
1260 857
1255 880
1094 462
1104 1103
-1600 654
1265 820
1160 1054
-1282 717
-450 -634
-1677 681
-1260 1334
23 -349
-1429 1416
-169 -350
-1900 1054
-1120 1054
1262 727
-1544 1423
309 -638
-1554 646
-355 -996
1170 529
-1863 867
-1896 1093
-461 -708
-1210 784
-1738 717
-123 -341
-1894 1105
-1896 975
-455 -657
957 404
-1152 1190
-1898 1078
318 -694
856 1176
1075 1122
96 -1081
-1458 647
-1186 816
489 838
658 462
-1591 652
9
0 2
0 6
0 1
0 4
0 5
0 7
0 0
0 3
0 8
34
-233 13
438 -307
429 -353
-206 39
441 -235
-307 -411
437 -196
122 129
368 -483
71 135
397 -74
279 -572
409 -411
387 -454
433 -336
103 -642
-1 -642
232 -601
-339 -275
404 -88
-243 2
387 -56
-307 -99
207 103
-329 -345
-20 -639
-47 123
-339 -235
-273 -37
-30 127
85 -644
440 -221
71 -645
-338 -221
43
-194 169
-156 58
-141 143
-175 49
-169 51
-213 165
-220 54
-213 51
-223 56
-140 74
-164 53
-194 47
-188 47
-203 168
-195 169
-239 70
-132 124
-250 124
-137 137
-172 166
-242 142
-196 47
-187 47
-130 114
-230 155
-172 50
-162 54
-251 120
-218 163
-210 50
-159 56
-229 60
-193 169
-223 160
-185 169
-210 166
-238 147
-245 137
-179 48
-230 61
-248 130
-139 140
-162 162
4
11 -4
2 -1
8 -14
-18 7
35
959 -1843
6353 -8073
2633 8190
2661 8050
923 -1889
6302 -8091
2749 8121
2767 8095
6354 -60
-9008 8953
6303 -8126
6367 -79
6206 25
6370 -6
2608 8100
2765 8014
6365 -8111
-9043 8923
-9096 8969
879 -1728
-9084 9087
-8914 9035
938 -1725
6288 -8187
818 -1781
6383 6
6338 46
831 -1707
827 -1824
6371 -8136
6382 68
2703 8145
-9055 8987
-9070 9077
6275 -8199
5
0 2
0 4
0 3
0 0
0 1
36
-84 -17
-85 -145
-35 -133
-55 -143
-128 -117
-23 -41
-35 -29
-93 -19
-38 -135
-114 -132
-103 -23
-93 -143
-84 -145
-110 -27
-10 -70
-20 -45
-90 -18
-41 -137
-52 -142
-18 -48
-18 -114
-22 -42
-34 -132
-113 -29
-138 -92
-105 -138
-135 -59
-137 -97
-20 -117
-17 -112
-11 -65
-15 -108
-12 -62
-107 -25
-17 -50
-12 -100
80
6379 1782
1886 6289
1892 6292
-962 5453
-870 5454
8147 1759
-8926 -6364
-1785 881
-7230 7152
-9027 -6296
-1754 940
1843 6250
-1852 1000
6264 1747
-1871 886
-8024 -4536
8140 1843
-8070 -4559
8063 1767
-8073 -4493
-867 5386
8170 1718
-8137 -4423
-888 5397
8084 1816
6390 1705
-8016 -4403
8061 1764
-7235 7268
-7159 7244
1786 6355
-9039 -6211
-8160 -4502
6213 1895
-1704 940
-1798 986
-1727 901
8117 1703
8001 1881
-8952 -6249
1769 6314
6203 1836
-848 5328
-8059 -4482
-7144 7112
-943 5350
-8083 -4514
-9029 -6251
-809 5484
-7208 7215
6247 1728
-7193 7267
1718 6293
-1757 930
-933 5369
1720 6308
6321 1801
-1735 868
-8940 -6353
-7266 7214
-8944 -6228
-9000 -6226
1720 6214
-8199 -4481
6384 1873
-1827 906
-7198 7287
-841 5354
8073 1815
6379 1864
1873 6215
-8904 -6285
-9061 -6325
6258 1821
1807 6308
-7150 7178
-992 5474
-8153 -4465
-7284 7288
8158 1879
5
8 -18
1 -19
-16 20
2 -14
18 -11
23
11 -17
-23 1
23 -12
18 20
29 5
21 17
12 22
13 24
-7 24
-19 14
25 13
-8 -23
-23 -9
-11 -19
-19 5
22 16
-8 -20
-22 8
8 -23
21 13
22 -20
-13 -19
20 15
15
0 3
2 4
0 4
1 0
2 3
0 0
0 1
1 4
0 2
1 3
2 1
2 0
1 2
1 1
2 2
18
1 3
1 1
0 0
1 5
1 0
1 2
1 8
0 6
1 6
0 5
0 1
0 8
0 2
0 4
1 7
0 3
0 7
1 4
12
0 0
0 4
1 2
1 3
0 1
1 4
1 0
1 1
0 2
0 5
0 3
1 5
86
272 207
194 113
181 195
174 142
288 137
210 104
171 155
184 123
266 110
237 222
287 188
171 167
180 193
200 109
292 149
254 218
175 183
194 209
197 211
182 196
176 185
186 201
175 139
235 222
284 193
221 221
251 103
256 105
178 190
186 121
279 122
279 200
282 126
272 115
229 222
282 196
286 190
291 177
172 173
238 100
226 100
197 111
205 216
291 145
230 222
233 100
228 100
172 149
226 222
230 100
185 200
248 220
271 114
278 201
248 102
178 132
200 213
251 219
227 222
237 100
261 215
290 142
173 145
293 155
284 129
174 180
198 110
264 213
182 126
289 183
236 100
280 123
259 216
213 219
177 134
231 100
283 195
256 217
181 127
220 221
185 122
286 132
261 107
289 139
193 114
259 106
5
-61 48
-70 5
54 12
-13 -40
-45 12
100
-115 274
-251 -495
114 140
-470 -378
114 -360
-365 -457
-575 -76
-574 -154
122 130
-426 -418
-110 -493
-257 274
-533 69
-532 71
172 46
-206 -500
71 -404
-267 272
-454 -394
-544 46
-7 -457
-480 147
-575 -144
204 -90
-385 -446
138 108
198 -39
-167 280
-414 207
-238 277
-539 57
-565 -16
-510 -328
202 -154
-404 -434
-367 -456
-127 276
-19 -463
-230 -498
-5 236
197 -34
108 147
-5 -456
-220 279
172 -266
-565 -204
-367 236
192 -12
-570 -39
54 -418
-267 -492
-538 -279
-539 -277
161 -289
-353 243
201 -58
13 226
160 -291
161 69
-365 237
-284 -488
-355 -462
-571 -45
-142 278
-566 -20
64 190
-205 -500
-92 -489
32 -434
-127 -496
-342 -468
200 -169
-121 275
82 174
6 -450
-526 -302
196 -191
-152 -499
-30 -468
-17 242
-105 272
-568 -191
82 -394
150 89
-353 -463
-50 256
-251 275
-262 273
-532 -291
-280 269
-552 26
-469 159
-533 -289
-206 280
-96 -490
-522 -309
-50 -476
-355 242
83 -393
-564 -208
11
1349 -478
-2365 -2399
172 26
214 2048
-1959 1402
-2121 -385
2454 798
662 -1331
856 246
1958 -890
-436 1512
11
-50 72
-80 -62
-56 -61
47 44
-46 -50
31 27
5 19
-12 -18
47 -15
-71 -51
-18 3
11
-254 -544
-426 -188
265 -165
-94 97
524 -112
256 -523
496 219
310 -234
-357 186
-362 216
406 -372
8
84 79
14 -59
85 110
-33 90
-154 -107
-22 46
85 37
114 154
40
4 5
2 0
3 7
2 7
4 1
4 6
1 0
2 1
0 0
3 6
0 1
0 6
3 3
1 3
4 4
1 1
3 5
3 0
2 5
0 7
2 6
3 1
4 7
1 2
1 7
2 3
1 6
0 5
4 3
0 4
2 2
1 5
2 4
0 2
4 0
0 3
3 2
4 2
3 4
1 4
4
34 9
-23 -27
-22 23
-33 19
10
0 3
0 0
1 2
0 1
1 3
0 4
1 0
1 1
1 4
0 2
98
-63 165
-75 164
-58 118
-46 128
-57 163
-55 162
-80 162
-47 156
-58 164
-78 119
-77 119
-65 117
-80 120
-64 117
-84 123
-43 134
-85 158
-91 148
-77 163
-56 119
-48 157
-88 128
-52 121
-76 118
-91 134
-62 117
-73 117
-79 162
-75 118
-64 165
-73 165
-46 154
-49 124
-50 123
-50 159
-49 158
-42 141
-52 161
-76 164
-60 165
-63 117
-47 126
-86 125
-74 117
-61 117
-57 119
-83 160
-60 117
-59 118
-92 141
-45 130
-70 117
-61 165
-86 157
-83 122
-68 165
-59 164
-48 125
-89 130
-90 132
-84 159
-89 152
-54 120
-53 121
-69 165
-72 165
-53 161
-70 165
-87 126
-51 160
-55 120
-45 152
-44 132
-43 148
-54 162
-74 165
-66 117
-82 161
-82 121
-44 150
-56 163
-81 121
-71 117
-71 165
-65 165
-79 120
-72 117
-85 124
-66 165
-69 117
-88 154
-90 150
-62 165
-87 156
-68 117
-51 122
-81 161
-78 163
32
0 5
2 5
1 3
2 4
2 1
1 6
0 6
1 2
3 1
3 3
2 2
2 7
0 1
0 2
3 2
1 4
3 7
3 6
1 0
0 4
2 3
1 5
3 4
2 0
3 0
2 6
0 3
0 7
3 5
1 1
0 0
1 7
96
-30 -69
69 -10
13 20
20 64
-51 -92
-28 -72
46 -94
24 -61
-74 -21
13 -97
-40 -22
7 22
-37 20
-37 -11
-46 41
-28 -103
61 34
65 26
63 30
89 -33
-24 -57
-38 -14
75 -73
40 -1
14 31
-1 27
86 -14
4 23
-41 -33
27 62
-39 -99
40 30
-22 24
60 21
-77 -40
41 -53
32 60
-48 14
81 -2
82 -4
49 -18
-1 24
7 -102
16 -63
-31 22
-59 -10
-33 -2
15 65
24 14
59 37
-14 -61
-55 26
43 -95
-23 24
-3 -92
-51 34
5 29
-22 -58
61 -32
47 -67
-39 -17
81 -64
-2 24
-36 -8
-15 19
2 28
-63 -80
35 -97
64 -84
46 -11
38 -55
64 18
51 -24
-51 12
-71 -67
-63 0
-75 -56
-35 52
15 -63
-34 -4
75 7
-47 -38
-7 -90
53 -40
55 -90
62 32
-12 21
43 29
13 -100
-76 -29
53 -91
40 -79
-41 -98
21 16
-58 -15
45 -9
48
23 140
-4 -16
-21 8
130 47
-31 61
-36 -15
-26 -68
-3 -53
-100 87
20 -113
161 23
-6 47
136 -18
58 -46
-16 -84
-84 87
-2 -18
-46 -98
-162 58
38 -42
-30 36
59 -46
131 46
51 149
164 68
-100 -109
-161 59
128 49
-5 -15
18 64
132 45
155 96
-21 57
-23 -81
-32 5
-24 60
133 125
30 -117
-3 31
-7 -94
99 -41
-190 -2
132 -93
-26 20
54 -122
137 121
46 -121
106 -112
28
199 203
218 180
195 213
316 205
217 181
232 292
195 251
199 261
282 172
296 180
238 170
319 251
238 294
232 172
194 216
276 294
205 271
221 178
196 254
296 284
319 213
235 171
200 263
230 173
268 296
284 291
288 289
206 272
80
-8093 6348
3614 -7119
-8100 6347
-8157 6361
-8038 6253
3679 -7171
-8149 6383
3590 -7176
3510 -7168
3556 -7252
-8079 6262
3521 -7149
-8081 6345
-8063 6331
-8094 6288
-8059 6391
3536 -7269
-8044 6375
-8010 6317
3698 -7130
-8106 6322
3565 -7174
3567 -7177
3579 -7300
-8017 6249
3659 -7205
3607 -7297
-8118 6395
-8021 6327
3675 -7198
-8166 6389
3511 -7180
3674 -7175
-8129 6257
-8084 6298
-8135 6223
3500 -7269
-8140 6307
3569 -7263
-8022 6235
-8127 6247
3700 -7273
-8077 6379
3574 -7253
3510 -7110
3632 -7120
3502 -7112
-8171 6314
-8002 6336
-8156 6378
-8090 6274
-8141 6302
-8197 6320
-8108 6343
-8008 6295
3539 -7108
3572 -7280
3527 -7279
3548 -7243
3647 -7217
3615 -7203
3678 -7261
-8081 6340
3653 -7297
-8199 6275
3653 -7194
3566 -7292
3685 -7233
3639 -7279
-8002 6249
3526 -7273
-8062 6350
3595 -7270
-8053 6399
-8034 6316
3622 -7111
3690 -7245
-8199 6245
-8157 6255
3661 -7229
97
-5980 -6140
-7029 6178
-2066 4729
-4812 9143
-8043 9965
3585 684
1322 -812
8140 3452
-1165 -2079
6687 -5225
4914 9403
-61 -8462
-4815 -4128
9621 -3251
2212 661
4985 -1694
-80 -5923
-8778 4361
392 5296
4689 3698
-6150 -8806
-7470 5926
-3261 7767
-9721 8059
-1076 799
-8152 2258
-7136 -4244
9492 5682
8320 -4556
3326 3437
3136 6081
-6740 -2668
-7916 -2562
-6209 8709
6749 -9114
6323 6079
7517 5818
7609 8173
-1735 -6700
-4288 -964
-4890 -5043
1976 -8297
-5822 215
8464 -8018
-3331 1962
6762 -4536
-4037 5451
-4728 8605
-801 7226
4890 -486
-9821 -6987
-3487 13
-5902 -110
6872 -8994
6455 1676
-6345 -9475
7860 1895
7628 3282
-60 -1
-3963 2435
9401 -137
-2349 1847
-6312 -8364
779 -1125
-2163 6742
345 2654
4960 -502
-219 -586
-5291 -3690
7788 9836
-776 4944
793 5383
-3707 -9646
-2187 -8591
2501 9684
-3957 3324
-2578 8516
1640 -809
-7454 -4858
-1413 5223
-9712 7512
-9535 4468
7401 -1359
6649 4040
-686 -1543
-284 1787
-6237 -7329
697 -2031
2453 -6624
5646 1806
511 -2753
-1017 4524
217 6873
8773 -2190
497 4258
4481 3146
3657 7738
100
47 90
15 -87
-33 -40
-56 27
-32 -13
86 -74
95 -41
91 -2
60 -1
-6 -78
90 -16
-28 -70
-53 60
35 97
14 -87
70 19
87 -55
8 -85
11 38
70 57
-27 7
57 35
70 -75
-48 5
44 -16
24 -25
-10 -92
59 -2
82 -63
55 -101
3 35
-34 -52
92 -22
-3 -80
-27 -72
-29 -14
59 34
-1 -81
71 54
20 40
-21 -64
3 -83
95 -24
57 -83
19 -26
82 15
66 9
-10 27
-44 -1
5 -84
1 -99
-7 101
82 -2
37 96
11 -103
-3 -26
-22 15
55 -84
-19 97
40 -88
23 101
66 67
91 -19
91 -63
-30 -16
-11 -24
-9 -93
-32 -60
-52 13
48 -13
-17 -22
92 -5
19 23
-34 -13
-43 78
-34 -30
49 21
-31 -19
49 38
-1 16
-29 3
-52 63
-28 -53
-21 -20
88 5
84 12
-21 -81
-17 98
81 -1
8 20
8 -102
-51 11
-26 -8
11 -86
37 -20
-24 -5
19 -105
90 -66
94 -52
-14 99
18
0 2
0 5
1 1
2 1
1 3
1 4
0 3
2 5
2 4
1 2
1 0
2 2
0 4
0 0
2 0
1 5
0 1
2 3
36
8967 -5369
9016 -5498
8939 -5312
993 -1856
8932 -5351
8938 -5391
842 -1780
9008 -5330
8902 -5462
8949 -5449
8952 -5407
894 -1845
920 -1803
959 -1816
858 -1848
876 -1704
9075 -5348
816 -1865
8983 -5313
9034 -5477
9071 -5469
964 -1818
934 -1741
830 -1865
978 -1796
873 -1769
9018 -5327
8965 -5368
9061 -5333
928 -1757
926 -1708
810 -1753
880 -1845
992 -1835
8906 -5488
8972 -5406
31
9735 5349
-10000 3162
-6774 -6923
9393 -7025
10000 -6038
-10000 5611
3228 -10000
-1138 10000
5197 9887
264 -10000
10000 -4696
10000 -1833
461 -10000
-649 -10000
-7713 9208
10000 -158
1401 -10000
-5099 10000
-2344 10000
851 -10000
10000 -796
4419 10000
8720 -7698
1890 10000
5541 9543
-5593 10000
5481 9603
-5373 -8324
-10000 6892
6170 8914
-6152 -7545
11
156 -159
-97 -15
121 -100
-153 55
-13 13
72 73
12 -84
109 92
-22 20
-91 82
-148 -71
45
283 -281
122 -178
130 -171
234 -337
174 -346
119 -181
117 -315
198 -347
106 -198
181 -347
146 -161
122 -320
197 -151
211 -345
169 -345
256 -176
103 -203
279 -291
219 -343
198 -151
261 -181
119 -317
139 -333
118 -316
263 -183
232 -338
199 -151
278 -205
130 -327
262 -182
250 -327
92 -240
284 -278
182 -347
222 -156
144 -336
144 -162
161 -343
232 -160
124 -176
181 -151
101 -291
277 -203
197 -347
101 -207
8
551 -362
-413 -246
376 258
-328 -471
536 -477
-475 462
-291 -19
-422 94
4
0 -4
6 1
-8 -2
-2 0
36
3 4
1 6
1 4
0 8
1 8
2 2
2 6
2 0
1 3
0 0
2 8
3 7
1 1
1 5
0 3
1 0
1 7
0 5
2 4
2 5
3 1
2 3
2 1
0 6
3 3
2 7
0 1
0 7
3 2
3 8
3 5
0 2
3 0
0 4
3 6
1 2
36
4 3
1 5
0 0
3 0
0 2
5 1
0 3
3 3
0 1
4 2
5 4
4 1
3 4
2 0
1 1
4 4
1 3
4 5
2 2
1 0
3 2
4 0
5 0
5 5
3 1
0 5
2 4
1 4
5 3
5 2
0 4
2 3
3 5
2 5
2 1
1 2
12
-6056 -9381
4557 10000
-3139 10000
-8329 -7108
-2290 10000
-7837 -7600
-5116 -10000
6948 -6320
-10000 1517
-10000 -4938
-9093 6172
4415 10000
0

