2
0.00 0.00
3.00 0.00
5
0.00 0.00
0.00 1.00
1.00 0.00
1.00 1.00
2.00 2.00
2
0.00 0.00
3.00 0.00
24
86.78 15.79
35.39 92.65
21.36 27.69
59.76 26.54
26.17 36.21
68.57 29.78
30.86 23.07
35.93 2.02
58.07 67.39
56.01 42.23
73.42 19.78
37.20 24.31
70.41 26.09
80.96 73.86
71.00 81.30
25.08 27.34
5.85 29.31
57.12 95.58
45.81 67.43
64.04 50.09
8.28 78.79
84.40 51.75
99.93 60.68
68.74 12.23
27
94.54 95.57
34.38 67.60
97.90 17.49
52.76 1.28
86.44 65.69
44.62 40.73
31.12 97.77
81.67 9.93
67.86 97.35
86.96 6.68
19.62 28.87
32.83 3.02
70.37 8.71
40.15 96.72
18.24 46.45
21.55 79.49
64.23 41.35
93.50 34.76
24.91 87.86
43.49 27.36
59.94 32.55
37.23 75.41
74.12 58.39
29.24 35.79
18.43 43.01
28.53 76.40
43.76 13.54
47
40.90 18.13
88.37 17.92
96.32 43.47
83.49 99.77
25.64 90.50
39.95 86.67
82.54 64.20
7.35 4.35
11.62 28.30
43.75 68.34
22.31 10.60
1.66 30.88
5.32 36.44
26.52 65.71
16.28 58.92
37.06 24.60
36.45 99.38
50.47 71.97
31.88 30.93
94.66 63.20
81.90 96.96
73.81 68.19
95.93 66.08
40.09 84.38
42.94 7.44
56.18 18.89
12.35 72.66
9.34 10.34
87.21 1.71
72.32 55.82
99.72 4.94
11.94 67.70
28.13 50.98
58.92 24.42
69.40 81.63
84.29 72.67
50.62 85.22
99.64 42.90
13.30 90.52
90.21 81.82
36.73 55.99
4.38 69.27
76.85 55.86
42.58 84.99
5.62 67.50
13.96 54.33
59.94 2.20
67
84.02 42.87
28.19 72.91
58.50 36.81
53.25 3.33
33.65 90.75
67.75 68.53
0.05 88.80
49.99 3.03
63.50 53.89
86.12 53.00
75.19 57.73
36.46 14.92
60.30 28.03
50.75 56.90
94.70 99.04
39.00 28.40
0.68 47.54
59.15 35.13
39.69 15.13
4.63 49.96
85.43 43.33
77.90 38.97
49.29 67.99
92.79 43.14
29.39 82.34
41.57 26.23
61.04 60.12
23.76 81.31
90.42 96.37
77.23 90.63
24.06 14.17
5.36 12.39
0.35 26.99
16.55 78.53
46.29 47.97
51.08 31.59
57.63 12.89
14.35 12.09
12.48 10.97
89.27 55.64
20.43 87.89
38.57 70.28
56.42 6.26
49.24 5.06
17.52 45.78
73.46 73.64
89.48 7.48
57.31 71.73
0.46 18.44
25.39 74.23
57.68 93.36
70.70 17.84
69.36 22.79
73.85 31.46
82.39 92.79
57.11 21.16
74.49 47.95
31.02 37.74
54.03 98.32
81.52 16.00
31.14 96.40
38.58 18.02
70.86 12.38
77.68 36.90
76.48 7.76
57.74 99.91
27.95 36.56
0
