24
88555 54730 602784 372541
90152 55717 604381 373528
96917 59898 611146 377709
99501 61495 613730 379306
110447 68260 624676 386071
114628 70844 628857 388655
143285 88555 657514 406366
145869 90152 660098 407963
156815 96917 671044 414728
160996 99501 675225 417312
178707 110447 692936 428258
185472 114628 699701 432439
231840 143285 746069 461096
236021 145869 750250 463680
253732 156815 767961 474626
260497 160996 774726 478807
289154 178707 803383 496518
300100 185472 814329 503283
375125 231840 889354 549651
381890 236021 896119 553832
410547 253732 924776 571543
421493 260497 935722 578308
467861 289154 982090 606965
485572 300100 999801 617911
