1000
2 1
3 1
4 1
5 4
6 4
7 4
8 7
9 7
10 7
11 10
12 10
13 10
14 13
15 13
16 13
17 16
18 16
19 16
20 19
21 19
22 19
23 22
24 22
25 22
26 25
27 25
28 25
29 28
30 28
31 28
32 31
33 31
34 31
35 34
36 34
37 34
38 37
39 37
40 37
41 40
42 40
43 40
44 43
45 43
46 43
47 46
48 46
49 46
50 49
51 49
52 49
53 52
54 52
55 52
56 55
57 55
58 55
59 58
60 58
61 58
62 61
63 61
64 61
65 64
66 64
67 64
68 67
69 67
70 67
71 70
72 70
73 70
74 73
75 73
76 73
77 76
78 76
79 76
80 79
81 79
82 79
83 82
84 82
85 82
86 85
87 85
88 85
89 88
90 88
91 88
92 91
93 91
94 91
95 94
96 94
97 94
98 97
99 97
100 97
101 100
102 100
103 100
104 103
105 103
106 103
107 106
108 106
109 106
110 109
111 109
112 109
113 112
114 112
115 112
116 115
117 115
118 115
119 118
120 118
121 118
122 121
123 121
124 121
125 124
126 124
127 124
128 127
129 127
130 127
131 130
132 130
133 130
134 133
135 133
136 133
137 136
138 136
139 136
140 139
141 139
142 139
143 142
144 142
145 142
146 145
147 145
148 145
149 148
150 148
151 148
152 151
153 151
154 151
155 154
156 154
157 154
158 157
159 157
160 157
161 160
162 160
163 160
164 163
165 163
166 163
167 166
168 166
169 166
170 169
171 169
172 169
173 172
174 172
175 172
176 175
177 175
178 175
179 178
180 178
181 178
182 181
183 181
184 181
185 184
186 184
187 184
188 187
189 187
190 187
191 190
192 190
193 190
194 193
195 193
196 193
197 196
198 196
199 196
200 199
201 199
202 199
203 202
204 202
205 202
206 205
207 205
208 205
209 208
210 208
211 208
212 211
213 211
214 211
215 214
216 214
217 214
218 217
219 217
220 217
221 220
222 220
223 220
224 223
225 223
226 223
227 226
228 226
229 226
230 229
231 229
232 229
233 232
234 232
235 232
236 235
237 235
238 235
239 238
240 238
241 238
242 241
243 241
244 241
245 244
246 244
247 244
248 247
249 247
250 247
251 250
252 250
253 250
254 253
255 253
256 253
257 256
258 256
259 256
260 259
261 259
262 259
263 262
264 262
265 262
266 265
267 265
268 265
269 268
270 268
271 268
272 271
273 271
274 271
275 274
276 274
277 274
278 277
279 277
280 277
281 280
282 280
283 280
284 283
285 283
286 283
287 286
288 286
289 286
290 289
291 289
292 289
293 292
294 292
295 292
296 295
297 295
298 295
299 298
300 298
301 298
302 301
303 301
304 301
305 304
306 304
307 304
308 307
309 307
310 307
311 310
312 310
313 310
314 313
315 313
316 313
317 316
318 316
319 316
320 319
321 319
322 319
323 322
324 322
325 322
326 325
327 325
328 325
329 328
330 328
331 328
332 331
333 331
334 331
335 334
336 334
337 334
338 337
339 337
340 337
341 340
342 340
343 340
344 343
345 343
346 343
347 346
348 346
349 346
350 349
351 349
352 349
353 352
354 352
355 352
356 355
357 355
358 355
359 358
360 358
361 358
362 361
363 361
364 361
365 364
366 364
367 364
368 367
369 367
370 367
371 370
372 370
373 370
374 373
375 373
376 373
377 376
378 376
379 376
380 379
381 379
382 379
383 382
384 382
385 382
386 385
387 385
388 385
389 388
390 388
391 388
392 391
393 391
394 391
395 394
396 394
397 394
398 397
399 397
400 397
401 400
402 400
403 400
404 403
405 403
406 403
407 406
408 406
409 406
410 409
411 409
412 409
413 412
414 412
415 412
416 415
417 415
418 415
419 418
420 418
421 418
422 421
423 421
424 421
425 424
426 424
427 424
428 427
429 427
430 427
431 430
432 430
433 430
434 433
435 433
436 433
437 436
438 436
439 436
440 439
441 439
442 439
443 442
444 442
445 442
446 445
447 445
448 445
449 448
450 448
451 448
452 451
453 451
454 451
455 454
456 454
457 454
458 457
459 457
460 457
461 460
462 460
463 460
464 463
465 463
466 463
467 466
468 466
469 466
470 469
471 469
472 469
473 472
474 472
475 472
476 475
477 475
478 475
479 478
480 478
481 478
482 481
483 481
484 481
485 484
486 484
487 484
488 487
489 487
490 487
491 490
492 490
493 490
494 493
495 493
496 493
497 496
498 496
499 496
500 499
501 499
502 499
503 502
504 502
505 502
506 505
507 505
508 505
509 508
510 508
511 508
512 511
513 511
514 511
515 514
516 514
517 514
518 517
519 517
520 517
521 520
522 520
523 520
524 523
525 523
526 523
527 526
528 526
529 526
530 529
531 529
532 529
533 532
534 532
535 532
536 535
537 535
538 535
539 538
540 538
541 538
542 541
543 541
544 541
545 544
546 544
547 544
548 547
549 547
550 547
551 550
552 550
553 550
554 553
555 553
556 553
557 556
558 556
559 556
560 559
561 559
562 559
563 562
564 562
565 562
566 565
567 565
568 565
569 568
570 568
571 568
572 571
573 571
574 571
575 574
576 574
577 574
578 577
579 577
580 577
581 580
582 580
583 580
584 583
585 583
586 583
587 586
588 586
589 586
590 589
591 589
592 589
593 592
594 592
595 592
596 595
597 595
598 595
599 598
600 598
601 598
602 601
603 601
604 601
605 604
606 604
607 604
608 607
609 607
610 607
611 610
612 610
613 610
614 613
615 613
616 613
617 616
618 616
619 616
620 619
621 619
622 619
623 622
624 622
625 622
626 625
627 625
628 625
629 628
630 628
631 628
632 631
633 631
634 631
635 634
636 634
637 634
638 637
639 637
640 637
641 640
642 640
643 640
644 643
645 643
646 643
647 646
648 646
649 646
650 649
651 649
652 649
653 652
654 652
655 652
656 655
657 655
658 655
659 658
660 658
661 658
662 661
663 661
664 661
665 664
666 664
667 664
668 667
669 667
670 667
671 670
672 670
673 670
674 673
675 673
676 673
677 676
678 676
679 676
680 679
681 679
682 679
683 682
684 682
685 682
686 685
687 685
688 685
689 688
690 688
691 688
692 691
693 691
694 691
695 694
696 694
697 694
698 697
699 697
700 697
701 700
702 700
703 700
704 703
705 703
706 703
707 706
708 706
709 706
710 709
711 709
712 709
713 712
714 712
715 712
716 715
717 715
718 715
719 718
720 718
721 718
722 721
723 721
724 721
725 724
726 724
727 724
728 727
729 727
730 727
731 730
732 730
733 730
734 733
735 733
736 733
737 736
738 736
739 736
740 739
741 739
742 739
743 742
744 742
745 742
746 745
747 745
748 745
749 748
750 748
751 748
752 751
753 751
754 751
755 754
756 754
757 754
758 757
759 757
760 757
761 760
762 760
763 760
764 763
765 763
766 763
767 766
768 766
769 766
770 769
771 769
772 769
773 772
774 772
775 772
776 775
777 775
778 775
779 778
780 778
781 778
782 781
783 781
784 781
785 784
786 784
787 784
788 787
789 787
790 787
791 790
792 790
793 790
794 793
795 793
796 793
797 796
798 796
799 796
800 799
801 799
802 799
803 802
804 802
805 802
806 805
807 805
808 805
809 808
810 808
811 808
812 811
813 811
814 811
815 814
816 814
817 814
818 817
819 817
820 817
821 820
822 820
823 820
824 823
825 823
826 823
827 826
828 826
829 826
830 829
831 829
832 829
833 832
834 832
835 832
836 835
837 835
838 835
839 838
840 838
841 838
842 841
843 841
844 841
845 844
846 844
847 844
848 847
849 847
850 847
851 850
852 850
853 850
854 853
855 853
856 853
857 856
858 856
859 856
860 859
861 859
862 859
863 862
864 862
865 862
866 865
867 865
868 865
869 868
870 868
871 868
872 871
873 871
874 871
875 874
876 874
877 874
878 877
879 877
880 877
881 880
882 880
883 880
884 883
885 883
886 883
887 886
888 886
889 886
890 889
891 889
892 889
893 892
894 892
895 892
896 895
897 895
898 895
899 898
900 898
901 898
902 901
903 901
904 901
905 904
906 904
907 904
908 907
909 907
910 907
911 910
912 910
913 910
914 913
915 913
916 913
917 916
918 916
919 916
920 919
921 919
922 919
923 922
924 922
925 922
926 925
927 925
928 925
929 928
930 928
931 928
932 931
933 931
934 931
935 934
936 934
937 934
938 937
939 937
940 937
941 940
942 940
943 940
944 943
945 943
946 943
947 946
948 946
949 946
950 949
951 949
952 949
953 952
954 952
955 952
956 955
957 955
958 955
959 958
960 958
961 958
962 961
963 961
964 961
965 964
966 964
967 964
968 967
969 967
970 967
971 970
972 970
973 970
974 973
975 973
976 973
977 976
978 976
979 976
980 979
981 979
982 979
983 982
984 982
985 982
986 985
987 985
988 985
989 988
990 988
991 988
992 991
993 991
994 991
995 994
996 994
997 994
998 997
999 997
1000 997
1001 1000
